[ 0.14245039 -0.03935671 -0.54949427]
[ 0.1466501  -0.03904724 -0.5532056 ]
[ 0.15329194 -0.03993511 -0.5557468 ]
[ 0.16159612 -0.04167807 -0.5575123 ]
[ 0.17094867 -0.04389465 -0.55883896]
[ 0.18091056 -0.0463357  -0.5599122 ]
[ 0.19117643 -0.04884875 -0.5608349 ]
[ 0.20154233 -0.05134368 -0.5616646 ]
[ 0.21187928 -0.05377114 -0.5624317 ]
[ 0.22211254 -0.05610466 -0.5631523 ]
[ 0.23220538 -0.05833185 -0.5638341 ]
[ 0.24214657 -0.06044638 -0.5644791 ]
[ 0.25194156 -0.06244528 -0.56508684]
[ 0.2616055  -0.06432557 -0.5656524 ]
[ 0.2711586  -0.06608403 -0.56617   ]
[ 0.28062293 -0.06771719 -0.5666317 ]
[ 0.2900203  -0.06921959 -0.5670279 ]
[ 0.299371   -0.07058644 -0.56734896]
[ 0.3086931  -0.07181227 -0.56758475]
[ 0.31800225 -0.07289207 -0.56772494]
[ 0.32731155 -0.07382095 -0.56776035]
[ 0.33663157 -0.07459462 -0.5676819 ]
[ 0.3459708  -0.07521009 -0.5674819 ]
[ 0.3553359  -0.07566416 -0.5671538 ]
[ 0.36473203 -0.07595527 -0.56669176]
[ 0.37416276 -0.0760814  -0.5660913 ]
[ 0.38363096 -0.07604218 -0.56534886]
[ 0.39313832 -0.07583702 -0.56446147]
[ 0.4026861  -0.07546544 -0.5634272 ]
[ 0.41227502 -0.07492733 -0.56224453]
[ 0.42190546 -0.07422304 -0.56091225]
[ 0.43157744 -0.07335258 -0.5594295 ]
[ 0.44129097 -0.0723151  -0.5577955 ]
[ 0.4510458  -0.07111073 -0.55600977]
[ 0.4608418  -0.06973886 -0.5540713 ]
[ 0.47067863 -0.06819832 -0.5519794 ]
[ 0.48055604 -0.06648803 -0.54973316]
[ 0.49047372 -0.06460667 -0.54733074]
[ 0.5004315  -0.06255245 -0.5447712 ]
[ 0.5104291 -0.060323  -0.5420524]
[ 0.5204663  -0.05791605 -0.5391722 ]
[ 0.53054297 -0.05532908 -0.53612864]
[ 0.54065895 -0.05255878 -0.5329188 ]
[ 0.55081415 -0.04960239 -0.5295402 ]
[ 0.5610083  -0.04645574 -0.52598906]
[ 0.5712415  -0.04311585 -0.52226245]
[ 0.58151364 -0.03957832 -0.5183567 ]
[ 0.5918246  -0.03583944 -0.51426804]
[ 0.60217434 -0.03189433 -0.5099927 ]
[ 0.61256284 -0.02773905 -0.50552607]
[ 0.62299013 -0.02336872 -0.500864  ]
[ 0.633456   -0.01877844 -0.49600244]
[ 0.64396065 -0.01396322 -0.49093604]
[ 0.65450394 -0.00891781 -0.4856602 ]
[ 0.6650858  -0.00363755 -0.48017025]
[ 0.67570615  0.00188398 -0.47446084]
[ 0.68636525  0.00765169 -0.46852648]
[ 0.69706285  0.01367188 -0.4623623 ]
[ 0.70779884  0.01995027 -0.45596218]
[ 0.71857333  0.02649307 -0.44932044]
[ 0.72938627  0.03330636 -0.44243133]
[ 0.7402373   0.04039705 -0.4352889 ]
[ 0.7511266  0.0477711 -0.4278865]
[ 0.7620539   0.05543625 -0.4202181 ]
[ 0.77301913  0.06339884 -0.41227663]
[ 0.7840219   0.0716666  -0.40405583]
[ 0.79506224  0.08024669 -0.39554846]
[ 0.8061397   0.08914661 -0.38674748]
[ 0.817254    0.09837437 -0.37764513]
[ 0.82840484  0.10793817 -0.36823416]
[ 0.8395917   0.11784613 -0.35850704]
[ 0.850814    0.12810647 -0.3484553 ]
[ 0.8620713   0.13872862 -0.33807123]
[ 0.8733629   0.14972043 -0.32734585]
[ 0.88468784  0.16109204 -0.3162713 ]
[ 0.89604557  0.17285216 -0.30483818]
[ 0.90743494  0.18501067 -0.2930379 ]
[ 0.91885495  0.19757688 -0.28086138]
[ 0.93030435  0.21056104 -0.26829875]
[ 0.94178164  0.22397351 -0.25534093]
[ 0.95328534  0.23782396 -0.24197817]
[ 0.964814    0.25212348 -0.22820067]
[ 0.9763653   0.26688242 -0.2139982 ]
[ 0.98793745  0.28211153 -0.19936097]
[ 0.99952817  0.29782176 -0.18427837]
[ 1.0111346   0.31402385 -0.16874063]
[ 1.0227544  0.3307289 -0.1527369]
[ 1.034384    0.3479482  -0.13625729]
[ 1.0460206   0.3656925  -0.11929142]
[ 1.0576601   0.38397253 -0.10182858]
[ 1.0692987   0.4027995  -0.08385921]
[ 1.0809323   0.4221841  -0.06537282]
[ 1.0925558   0.442137   -0.04636019]
[ 1.1041641   0.46266794 -0.02681106]
[ 1.1157521   0.48378718 -0.00671673]
[1.1273137  0.50550413 0.01393169]
[1.1388422  0.527828   0.03514272]
[1.1503313  0.5507667  0.05692393]
[1.1617731  0.57432854 0.07928252]
[1.1731601  0.5985202  0.10222477]
[1.1844836  0.62334776 0.12575644]
[1.1957351  0.64881665 0.14988166]
[1.2069049  0.6749305  0.17460436]
[1.2179824  0.7016924  0.19992656]
[1.2289579  0.72910327 0.22584951]
[1.2398199  0.7571635  0.25237256]
[1.2505562  0.7858714  0.27949363]
[1.2611549  0.8152233  0.30720925]
[1.2716031  0.84521365 0.3355139 ]
[1.2818874  0.87583506 0.36439985]
[1.2919939 0.9070779 0.3938579]
[1.3019081  0.93893063 0.42387617]
[1.3116156  0.97137874 0.45444065]
[1.3211008 1.0044053 0.4855352]
[1.3303488 1.0379909 0.5171409]
[1.3393438  1.0721138  0.54923636]
[1.3480698 1.106749  0.5817977]
[1.3565112 1.1418688 0.6147986]
[1.3646517 1.1774433 0.6482098]
[1.3724761 1.213439  0.6819999]
[1.3799686  1.2498207  0.71613455]
[1.3871142 1.2865499 0.7505777]
[1.3938979 1.3235856 0.7852903]
[1.4003059  1.3608851  0.82023144]
[1.4063249  1.398403   0.85535824]
[1.4119416 1.4360924 0.8906263]
[1.4171449 1.4739039 0.9259893]
[1.4219239 1.5117877 0.9614001]
[1.4262693  1.5496923  0.99681014]
[1.4301724 1.5875654 1.0321708]
[1.4336267 1.6253544 1.0674326]
[1.4366263 1.6630068 1.1025465]
[1.4391673 1.7004696 1.1374636]
[1.4412467 1.7376912 1.1721355]
[1.4428636 1.7746205 1.2065151]
[1.4440181 1.811208  1.2405567]
[1.4447126 1.8474053 1.2742157]
[1.4449502 1.8831666 1.3074499]
[1.4447359 1.9184479 1.3402194]
[1.4440758 1.9532075 1.3724861]
[1.4429779 1.987407  1.404215 ]
[1.4414507 2.0210102 1.4353738]
[1.4395047 2.0539844 1.4659326]
[1.437151 2.0863   1.495865]
[1.4344016 2.11793   1.5251474]
[1.4312701 2.1488519 1.5537593]
[1.4277699 2.1790454 1.5816832]
[1.423916  2.2084942 1.608905 ]
[1.419723  2.2371845 1.6354127]
[1.4152071 2.2651062 1.6611979]
[1.4103836 2.292252  1.6862551]
[1.405269  2.3186178 1.7105806]
[1.3998791 2.3442016 1.7341739]
[1.3942306 2.3690047 1.7570366]
[1.3883396 2.3930306 1.7791724]
[1.3822222 2.4162846 1.8005874]
[1.3758942 2.4387748 1.8212891]
[1.3693712 2.4605107 1.8412864]
[1.3626686 2.481504  1.8605909]
[1.3558013 2.5017667 1.8792143]
[1.3487836 2.5213137 1.8971701]
[1.3416297 2.5401597 1.9144726]
[1.334353  2.558322  1.9311371]
[1.3269664 2.5758169 1.9471794]
[1.3194827 2.5926623 1.9626163]
[1.3119135 2.6088767 1.9774648]
[1.3042703 2.624479  1.991742 ]
[1.2965637 2.6394882 2.005466 ]
[1.288804 2.653923 2.018654]
[1.2810013 2.6678033 2.0313244]
[1.2731643 2.6811483 2.0434947]
[1.2653013 2.6939769 2.0551825]
[1.2574213 2.706308  2.066406 ]
[1.2495309 2.7181604 2.0771818]
[1.2416377 2.7295527 2.0875275]
[1.233748  2.7405028 2.0974598]
[1.2258677 2.751029  2.1069949]
[1.2180032 2.7611475 2.1161492]
[1.2101588 2.7708762 2.1249382]
[1.2023398 2.780231  2.1333773]
[1.1945503 2.789228  2.1414814]
[1.1867948 2.797882  2.1492646]
[1.1790763 2.806209  2.1567411]
[1.1713986 2.8142228 2.163924 ]
[1.1637646 2.8219368 2.1708267]
[1.1561768 2.8293653 2.1774616]
[1.1486378 2.8365204 2.1838408]
[1.1411496 2.843415  2.1899757]
[1.1337143 2.8500607 2.195878 ]
[1.1263334 2.8564692 2.2015579]
[1.1190084 2.8626509 2.207026 ]
[1.1117404 2.8686166 2.2122917]
[1.1045305 2.8743763 2.2173653]
[1.0973796 2.87994   2.2222552]
[1.0902883 2.885316  2.2269704]
[1.0832572 2.8905134 2.231519 ]
[1.0762864 2.895541  2.2359087]
[1.0693767 2.9004064 2.240148 ]
[1.0625278 2.905117  2.2442427]
[1.0557398 2.9096808 2.248201 ]
[1.0490125 2.914104  2.2520285]
[1.042346  2.9183934 2.2557318]
[1.0357399 2.9225554 2.2593176]
[1.0291936 2.9265962 2.2627902]
[1.0227071 2.9305215 2.2661567]
[1.0162796 2.9343362 2.2694206]
[1.0099106 2.938046  2.2725878]
[1.0035994 2.941656  2.275663 ]
[0.9973457 2.9451704 2.2786503]
[0.99114823 2.948594   2.2815537 ]
[0.9850069 2.951931  2.2843785]
[0.9789202 2.9551857 2.2871275]
[0.97288793 2.9583616  2.2898042 ]
[0.966909  2.961463  2.2924128]
[0.96098244 2.9644926  2.2949564 ]
[0.9551077 2.9674544 2.2974381]
[0.94928336 2.9703515  2.299861  ]
[0.94350904 2.9731867  2.302228  ]
[0.9377835 2.9759634 2.3045416]
[0.9321059 2.978684  2.3068047]
[0.92647517 2.981351   2.3090198 ]
[0.9208905 2.9839673 2.311189 ]
[0.915351  2.986535  2.3133147]
[0.9098555 2.9890568 2.3153992]
[0.9044031 2.9915345 2.3174443]
[0.8989929 2.9939704 2.3194518]
[0.8936238 2.9963665 2.321424 ]
[0.88829505 2.9987245  2.3233628 ]
[0.88300556 3.0010467  2.3252697 ]
[0.8777543 3.003334  2.3271456]
[0.8725405 3.005589  2.3289928]
[0.867363  3.0078125 2.330813 ]
[0.862221  3.0100067 2.332607 ]
[0.8571136 3.0121725 2.3343763]
[0.8520399 3.0143118 2.3361225]
[0.8469988 3.0164254 2.3378465]
[0.84198946 3.018515   2.3395495 ]
[0.83701116 3.0205817  2.3412328 ]
[0.8320627 3.0226264 2.3428974]
[0.8271436 3.024651  2.344544 ]
[0.8222526 3.026656  2.346174 ]
[0.81738895 3.0286422  2.3477883 ]
[0.81255186 3.0306108  2.3493876 ]
[0.8077405 3.032563  2.3509727]
[0.8029541 3.0344996 2.3525448]
[0.7981916 3.0364213 2.3541045]
[0.79345226 3.0383291  2.3556528 ]
[0.78873545 3.0402236  2.3571897 ]
[0.78404015 3.0421057  2.3587167 ]
[0.7793658 3.0439765 2.3602343]
[0.7747113 3.0458362 2.3617425]
[0.77007616 3.047686   2.3632426 ]
[0.76545954 3.0495262  2.3647351 ]
[0.76086056 3.0513573  2.3662205 ]
[0.75627863 3.0531802  2.3676994 ]
[0.751713  3.0549958 2.369172 ]
[0.7471628 3.0568037 2.3706396]
[0.74262756 3.0586057  2.3721018 ]
[0.73810637 3.0604014  2.3735595 ]
[0.73359865 3.0621917  2.3750134 ]
[0.72910357 3.0639775  2.3764634 ]
[0.7246204 3.0657582 2.3779101]
[0.72014874 3.0675354  2.3793542 ]
[0.7156877 3.0693088 2.380796 ]
[0.7112368 3.0710793 2.3822355]
[0.70679504 3.072847   2.3836737 ]
[0.7023621 3.0746124 2.3851106]
[0.6979373 3.0763762 2.3865466]
[0.6935198 3.0781384 2.387982 ]
[0.68910915 3.0798998  2.3894172 ]
[0.6847047 3.0816605 2.3908525]
[0.6803057 3.0834208 2.3922882]
[0.6759117 3.0851812 2.393725 ]
[0.6715221 3.0869422 2.3951623]
[0.66713625 3.0887036  2.3966012 ]
[0.66275346 3.0904663  2.3980417 ]
[0.6583733 3.0922306 2.3994842]
[0.6539951 3.093996  2.4009285]
[0.6496182 3.0957642 2.4023755]
[0.6452422 3.0975342 2.4038253]
[0.6408664 3.0993068 2.4052777]
[0.6364903 3.1010826 2.4067335]
[0.6321132 3.1028614 2.4081929]
[0.6277347 3.1046436 2.4096558]
[0.6233543 3.1064296 2.4111226]
[0.6189712 3.1082196 2.4125934]
[0.6145851 3.110014  2.4140687]
[0.6101954 3.1118126 2.4155483]
[0.60580134 3.113616   2.417033  ]
[0.6014027 3.1154246 2.4185224]
[0.5969988 3.1172385 2.4200172]
[0.5925891 3.1190577 2.4215174]
[0.588173  3.1208823 2.4230232]
[0.5837501 3.122713  2.4245348]
[0.5793199 3.1245499 2.4260526]
[0.5748819 3.1263933 2.427576 ]
[0.5704353 3.1282434 2.4291062]
[0.56597996 3.1301     2.4306426 ]
[0.5615151 3.1319637 2.4321861]
[0.5570404 3.1338348 2.4337363]
[0.5525551 3.1357129 2.4352937]
[0.5480589 3.137599  2.4368582]
[0.5435513 3.1394928 2.4384303]
[0.53903186 3.1413946  2.44001   ]
[0.5344998 3.1433043 2.4415972]
[0.5299549 3.1452231 2.4431925]
[0.52539647 3.1471496  2.444796  ]
[0.5208242 3.1490855 2.4464076]
[0.51623744 3.1510298  2.4480276 ]
[0.5116357 3.1529837 2.4496562]
[0.5070186 3.1549463 2.4512935]
[0.50238574 3.1569185  2.4529395 ]
[0.49773642 3.1589003  2.4545946 ]
[0.49307021 3.1608922  2.4562588 ]
[0.48838672 3.1628938  2.4579325 ]
[0.48368534 3.164905   2.4596152 ]
[0.47896567 3.1669269  2.461308  ]
[0.4742273 3.168959  2.4630098]
[0.46946964 3.1710012  2.464722  ]
[0.4646923 3.1730542 2.4664438]
[0.45989472 3.1751182  2.4681754 ]
[0.45507655 3.1771927  2.4699173 ]
[0.4502372 3.1792784 2.47167  ]
[0.4453764 3.181375  2.4734325]
[0.44049338 3.1834826  2.4752054 ]
[0.43558797 3.185602   2.476989  ]
[0.43065965 3.1877325  2.4787834 ]
[0.42570788 3.1898744  2.4805884 ]
[0.42073232 3.1920276  2.4824042 ]
[0.41573235 3.194193   2.484231  ]
[0.41070768 3.19637    2.4860687 ]
[0.4056579 3.1985586 2.4879177]
[0.40058246 3.200759   2.4897776 ]
[0.39548096 3.2029715  2.4916487 ]
[0.390353  3.2051957 2.4935312]
[0.38519812 3.2074318  2.4954247 ]
[0.38001597 3.20968    2.49733   ]
[0.37480614 3.2119403  2.4992461 ]
[0.36956796 3.214213   2.501174  ]
[0.36430135 3.216497   2.503113  ]
[0.35900575 3.2187934  2.5050635 ]
[0.35368082 3.2211018  2.5070257 ]
[0.34832615 3.223422   2.5089989 ]
[0.34294137 3.2257543  2.5109837 ]
[0.33752602 3.2280982  2.51298   ]
[0.33207983 3.230454   2.5149875 ]
[0.3266024 3.2328215 2.5170062]
[0.32109338 3.235201   2.5190363 ]
[0.3155524 3.2375917 2.5210772]
[0.30997908 3.239994   2.5231295 ]
[0.30437323 3.2424073  2.5251927 ]
[0.29873437 3.2448323  2.527267  ]
[0.29306227 3.247268   2.5293517 ]
[0.28735662 3.2497144  2.5314474 ]
[0.28161702 3.2521715  2.5335536 ]
[0.27584332 3.2546391  2.5356703 ]
[0.27003515 3.2571168  2.537797  ]
[0.26419225 3.2596042  2.5399337 ]
[0.25831446 3.262102   2.5420802 ]
[0.25240144 3.2646084  2.5442364 ]
[0.246453  3.2671247 2.5464017]
[0.24046893 3.2696493  2.5485764 ]
[0.23444904 3.2721825  2.5507603 ]
[0.2283931 3.2747238 2.5529525]
[0.22230092 3.277273   2.5551527 ]
[0.21617241 3.2798293  2.5573614 ]
[0.21000735 3.2823925  2.5595775 ]
[0.2038057 3.2849624 2.561801 ]
[0.19756725 3.287538   2.5640311 ]
[0.19129193 3.2901192  2.566268  ]
[0.18497968 3.2927055  2.568511  ]
[0.17863038 3.2952962  2.5707598 ]
[0.17224409 3.2978907  2.5730135 ]
[0.16582069 3.3004885  2.5752718 ]
[0.1593602 3.3030887 2.5775347]
[0.1528626 3.3056912 2.579801 ]
[0.14632797 3.308295   2.5820706 ]
[0.13975634 3.3108993  2.5843427 ]
[0.13314776 3.3135035  2.5866165 ]
[0.12650234 3.316107   2.588892  ]
[0.11982018 3.3187084  2.5911677 ]
[0.11310145 3.3213077  2.5934436 ]
[0.10634622 3.323904   2.5957189 ]
[0.09955472 3.3264952  2.5979924 ]
[0.09272715 3.329082   2.6002638 ]
[0.08586372 3.3316622  2.6025324 ]
[0.07896468 3.3342361  2.6047971 ]
[0.07203029 3.3368015  2.6070569 ]
[0.06506084 3.3393579  2.6093116 ]
[0.05805662 3.3419046  2.6115596 ]
[0.05101799 3.3444395  2.6138    ]
[0.04394532 3.346963   2.6160326 ]
[0.03683898 3.3494725  2.6182559 ]
[0.02969935 3.3519673  2.6204689 ]
[0.02252688 3.354447   2.6226707 ]
[0.01532202 3.3569093  2.6248598 ]
[0.00808527 3.3593535  2.6270356 ]
[8.1704371e-04 3.3617775e+00 2.6291971e+00]
[-0.00648208  3.3641815   2.631343  ]
[-0.01381155  3.3665628   2.6334717 ]
[-0.0211708  3.3689208  2.6355824]
[-0.0285593  3.3712537  2.6376743]
[-0.03597642  3.3735604   2.6397455 ]
[-0.0434215  3.3758395  2.6417952]
[-0.05089394  3.3780894   2.6438215 ]
[-0.05839305  3.3803082   2.645824  ]
[-0.06591815  3.382495    2.6478004 ]
[-0.07346851  3.3846483   2.6497502 ]
[-0.08104345  3.3867662   2.651672  ]
[-0.08864225  3.3888474   2.653564  ]
[-0.09626409  3.3908901   2.6554246 ]
[-0.10390828  3.3928928   2.6572528 ]
[-0.11157399  3.3948545   2.6590471 ]
[-0.11926044  3.3967729   2.6608062 ]
[-0.1269668  3.3986464  2.6625285]
[-0.13469228  3.4004736   2.6642127 ]
[-0.14243606  3.4022527   2.6658573 ]
[-0.15019728  3.4039826   2.6674604 ]
[-0.15797509  3.405661    2.6690207 ]
[-0.16576865  3.4072866   2.6705372 ]
[-0.17357711  3.4088578   2.6720078 ]
[-0.1813996  3.4103725  2.6734312]
[-0.18923528  3.41183     2.674806  ]
[-0.19708325  3.413227    2.6761303 ]
[-0.2049426  3.4145641  2.677403 ]
[-0.21281254  3.4158378   2.6786225 ]
[-0.22069217  3.4170473   2.6797872 ]
[-0.22858067  3.418191    2.6808956 ]
[-0.23647714  3.419267    2.681946  ]
[-0.24438065  3.4202738   2.6829374 ]
[-0.25229055  3.4212098   2.683868  ]
[-0.2602058  3.4220738  2.6847358]
[-0.2681257  3.4228635  2.6855402]
[-0.2760494  3.4235783  2.6862795]
[-0.28397608  3.4242158   2.6869519 ]
[-0.291905   3.4247751  2.687556 ]
[-0.29983535  3.4252543   2.6880908 ]
[-0.3077663  3.4256525  2.6885548]
[-0.3156972  3.4259677  2.6889458]
[-0.32362726  3.4261985   2.6892633 ]
[-0.33155584  3.426344    2.6895056 ]
[-0.33948216  3.426402    2.6896715 ]
[-0.3474056  3.426372   2.6897593]
[-0.3553255  3.4262524  2.6897683]
[-0.36324123  3.4260416   2.6896963 ]
[-0.37115216  3.4257383   2.6895428 ]
[-0.3790578  3.4253416  2.6893058]
[-0.38695747  3.42485     2.6889849 ]
[-0.39485076  3.4242625   2.6885781 ]
[-0.4027371  3.4235775  2.688085 ]
[-0.41061604  3.4227943   2.6875033 ]
[-0.41848704  3.4219115   2.686833  ]
[-0.42634982  3.420928    2.686072  ]
[-0.4342038  3.4198422  2.6852193]
[-0.4420488  3.418654   2.6842744]
[-0.44988427  3.4173617   2.6832356 ]
[-0.4577101  3.4159641  2.6821022]
[-0.46552587  3.4144607   2.6808724 ]
[-0.4733314  3.41285    2.6795459]
[-0.4811263  3.411131   2.678121 ]
[-0.48891062  3.4093032   2.6765976 ]
[-0.49668398  3.4073653   2.6749735 ]
[-0.50444645  3.4053164   2.6732485 ]
[-0.5121976  3.4031553  2.671421 ]
[-0.5199376  3.4008813  2.6694908]
[-0.5276663  3.3984933  2.6674562]
[-0.53538364  3.3959906   2.6653163 ]
[-0.5430896  3.393372   2.6630704]
[-0.55078435  3.3906372   2.6607175 ]
[-0.55846775  3.3877845   2.6582563 ]
[-0.56613994  3.3848133   2.6556864 ]
[-0.573801   3.381723   2.6530056]
[-0.58145106  3.3785121   2.6502147 ]
[-0.5890902  3.3751802  2.6473112]
[-0.5967187  3.371726   2.6442947]
[-0.60433674  3.3681488   2.6411645 ]
[-0.6119445  3.3644476  2.6379192]
[-0.6195422  3.3606217  2.6345577]
[-0.62713    3.3566694  2.6310797]
[-0.63470817  3.3525906   2.6274834 ]
[-0.6422772  3.348384   2.623768 ]
[-0.64983726  3.3440483   2.6199324 ]
[-0.65738857  3.3395827   2.6159759 ]
[-0.66493165  3.3349862   2.611897  ]
[-0.67246675  3.3302584   2.6076949 ]
[-0.6799943  3.325397   2.6033683]
[-0.68751454  3.3204017   2.598916  ]
[-0.69502795  3.315271    2.594337  ]
[-0.702535  3.310004  2.58963 ]
[-0.71003586  3.3045998   2.5847936 ]
[-0.7175312  3.2990565  2.5798273]
[-0.72502136  3.293373    2.5747287 ]
[-0.73250663  3.2875485   2.5694978 ]
[-0.7399877  3.2815814  2.5641325]
[-0.7474648  3.2754703  2.558631 ]
[-0.75493836  3.2692142   2.5529928 ]
[-0.7624089  3.2628112  2.5472162]
[-0.76987684  3.2562604   2.5412993 ]
[-0.77734256  3.2495599   2.5352416 ]
[-0.78480655  3.2427087   2.5290408 ]
[-0.79226923  3.2357044   2.5226953 ]
[-0.7997309  3.2285464  2.5162039]
[-0.80719215  3.2212324   2.5095646 ]
[-0.8146533  3.2137609  2.5027761]
[-0.8221146  3.2061305  2.4958363]
[-0.8295765  3.198339   2.4887443]
[-0.8370396  3.190385   2.4814968]
[-0.84450394  3.1822667   2.4740934 ]
[-0.8519699  3.1739821  2.4665315]
[-0.8594378  3.1655293  2.4588094]
[-0.8669081  3.1569061  2.4509254]
[-0.87438077  3.1481113   2.4428768 ]
[-0.8818561  3.1391425  2.4346623]
[-0.8893344  3.1299975  2.42628  ]
[-0.89681584  3.1206746   2.417727  ]
[-0.9043004  3.1111712  2.4090018]
[-0.91178834  3.1014855   2.400102  ]
[-0.91927963  3.0916152   2.3910255 ]
[-0.9267743  3.0815585  2.3817701]
[-0.93427247  3.0713127   2.3723333 ]
[-0.9417737  3.0608761  2.3627133]
[-0.94927835  3.050246    2.3529077 ]
[-0.9567859  3.0394204  2.342914 ]
[-0.96429634  3.0283966   2.33273   ]
[-0.9718093  3.0171733  2.3223536]
[-0.97932446  3.0057476   2.311782  ]
[-0.9868415  2.994117   2.301013 ]
[-0.99435985  2.9822793   2.2900445 ]
[-1.0018791  2.970233   2.278874 ]
[-1.0093985  2.957975   2.267499 ]
[-1.0169177  2.9455032  2.2559175]
[-1.0244355  2.9328156  2.244127 ]
[-1.0319515  2.91991    2.2321253]
[-1.0394646  2.9067845  2.21991  ]
[-1.046974  2.893437  2.207479]
[-1.0544782  2.8798647  2.19483  ]
[-1.0619766  2.8660662  2.181961 ]
[-1.0694674  2.8520398  2.16887  ]
[-1.0769497  2.8377838  2.1555548]
[-1.084422   2.8232956  2.1420135]
[-1.0918823  2.8085742  2.1282444]
[-1.0993296  2.7936182  2.1142457]
[-1.1067619  2.7784262  2.1000156]
[-1.1141771  2.762996   2.0855527]
[-1.1215734  2.7473273  2.0708556]
[-1.1289488  2.731419   2.0559227]
[-1.136301   2.71527    2.0407534]
[-1.1436278  2.6988797  2.0253463]
[-1.1509266  2.6822476  2.0097003]
[-1.1581951  2.665373   1.9938151]
[-1.1654305  2.6482568  1.9776902]
[-1.1726301  2.6308975  1.9613252]
[-1.1797907  2.6132967  1.9447201]
[-1.18691    2.5954545  1.927875 ]
[-1.1939844  2.5773716  1.91079  ]
[-1.201011   2.559049   1.8934662]
[-1.2079859  2.540488   1.875904 ]
[-1.2149063  2.5216904  1.8581047]
[-1.2217686  2.5026577  1.8400695]
[-1.2285688  2.4833922  1.8218005]
[-1.2353035  2.4638963  1.803299 ]
[-1.241969  2.444173  1.784568]
[-1.2485614  2.4242253  1.7656093]
[-1.2550763  2.4040563  1.7464263]
[-1.2615101  2.3836703  1.727022 ]
[-1.2678587  2.363071   1.7074001]
[-1.2741182  2.3422627  1.6875644]
[-1.2802838  2.3212504  1.6675191]
[-1.2863519  2.3000393  1.6472688]
[-1.2923181  2.278635   1.6268182]
[-1.298178   2.2570434  1.606173 ]
[-1.3039272  2.2352703  1.5853387]
[-1.3095622  2.2133226  1.5643212]
[-1.315078   2.1912072  1.5431268]
[-1.3204707  2.168931   1.5217624]
[-1.3257363  2.146502   1.500235 ]
[-1.3308704  2.123928   1.4785517]
[-1.3358693  2.1012177  1.4567208]
[-1.3407288  2.078379   1.4347497]
[-1.345445   2.055421   1.4126474]
[-1.3500144  2.0323534  1.3904223]
[-1.354433   2.009185   1.3680834]
[-1.3586977  1.9859262  1.3456401]
[-1.3628047  1.9625863  1.3231016]
[-1.366751   1.939176   1.3004782]
[-1.3705332  1.9157054  1.2777798]
[-1.3741486  1.8921856  1.2550164]
[-1.3775945  1.868627   1.2321988]
[-1.3808681  1.8450408  1.2093376]
[-1.3839672  1.8214382  1.1864436]
[-1.3868896  1.79783    1.1635275]
[-1.3896332  1.774228   1.1406007]
[-1.3921963  1.7506433  1.1176744]
[-1.3945774  1.7270873  1.0947595]
[-1.3967751  1.7035714  1.0718676]
[-1.3987885  1.6801071  1.0490099]
[-1.4006164  1.6567056  1.0261976]
[-1.4022585  1.6333786  1.0034419]
[-1.4037142  1.610137   0.9807543]
[-1.4049832  1.5869915  0.9581456]
[-1.4060657  1.5639538  0.9356271]
[-1.4069619  1.541034   0.9132094]
[-1.4076725   1.518243    0.89090335]
[-1.4081981  1.4955912  0.8687195]
[-1.4085397   1.4730885   0.84666806]
[-1.4086982   1.450745    0.82475907]
[-1.4086752  1.42857    0.8030025]
[-1.4084725  1.406573   0.7814077]
[-1.4080914  1.3847628  0.7599842]
[-1.4075344   1.363148    0.73874074]
[-1.4068033  1.341737   0.7176859]
[-1.4059001  1.3205378  0.6968281]
[-1.4048282  1.2995574  0.676175 ]
[-1.4035895  1.2788033  0.6557343]
[-1.4021871   1.2582822   0.63551307]
[-1.4006239  1.2380003  0.6155182]
[-1.398903   1.2179633  0.5957557]
[-1.3970277   1.1981767   0.57623184]
[-1.395001   1.1786461  0.556952 ]
[-1.3928267  1.1593752  0.5379211]
[-1.3905078   1.1403687   0.51914406]
[-1.3880485  1.1216302  0.5006249]
[-1.3854519   1.103163    0.48236743]
[-1.3827221   1.08497     0.46437526]
[-1.3798628   1.0670538   0.44665107]
[-1.3768778   1.0494161   0.42919773]
[-1.3737707  1.0320587  0.4120171]
[-1.3705457   1.0149829   0.39511126]
[-1.3672065   0.9981897   0.37848133]
[-1.3637571   0.98167944  0.36212838]
[-1.3602015   0.96545225  0.34605294]
[-1.3565433   0.9495079   0.33025545]
[-1.3527865   0.933846    0.31473595]
[-1.3489351   0.91846544  0.29949373]
[-1.3449929   0.90336543  0.28452808]
[-1.3409636   0.8885442   0.26983827]
[-1.3368508   0.87399995  0.25542265]
[-1.3326585   0.859731    0.24127984]
[-1.32839     0.845735    0.22740793]
[-1.3240494   0.8320093   0.21380472]
[-1.3196398   0.8185513   0.20046806]
[-1.3151646  0.8053582  0.1873954]
[-1.3106276   0.7924268   0.17458373]
[-1.306032    0.779754    0.16203058]
[-1.3013808   0.76733625  0.14973235]
[-1.2966774   0.7551701   0.13768607]
[-1.2919248   0.7432518   0.12588829]
[-1.287126    0.73157763  0.11433548]
[-1.2822841   0.7201439   0.10302401]
[-1.2774018   0.7089462   0.09195006]
[-1.2724819   0.6979808   0.08110982]
[-1.2675272   0.6872435   0.07049942]
[-1.26254     0.67673004  0.06011468]
[-1.2575231   0.66643643  0.04995173]
[-1.2524785   0.6563581   0.04000646]
[-1.247409    0.64649105  0.03027463]
[-1.2423166   0.6368309   0.02075225]
[-1.2372035   0.6273735   0.01143503]
[-1.2320719   0.6181144   0.00231856]
[-1.2269236   0.6090492  -0.00660092]
[-1.2217606   0.60017383 -0.01532805]
[-1.2165848   0.59148407 -0.02386653]
[-1.2113979   0.58297557 -0.03222084]
[-1.2062017   0.5746442  -0.04039514]
[-1.2009975   0.56648576 -0.04839349]
[-1.195787    0.55849636 -0.05621964]
[-1.1905718   0.5506718  -0.06387818]
[-1.1853529   0.54300785 -0.07137263]
[-1.180132   0.5355009 -0.0787071]
[-1.1749104   0.528147   -0.08588564]
[-1.1696889   0.520942   -0.09291172]
[-1.1644688   0.5138825  -0.09978962]
[-1.1592511   0.5069647  -0.10652268]
[-1.154037    0.5001849  -0.11311483]
[-1.1488273   0.49353945 -0.11956918]
[-1.1436229  0.4870249 -0.1258899]
[-1.1384245   0.48063815 -0.13208008]
[-1.133233    0.47437525 -0.1381433 ]
[-1.128049    0.4682331  -0.14408243]
[-1.1228735   0.46220863 -0.14990139]
[-1.1177068   0.4562987  -0.15560305]
[-1.1125497   0.4505     -0.16119051]
[-1.1074024   0.44480968 -0.16666698]
[-1.1022658   0.43922436 -0.17203534]
[-1.0971401   0.4337418  -0.17729867]
[-1.0920259  0.4283588 -0.1824596]
[-1.0869234   0.4230727  -0.18752098]
[-1.081833    0.4178809  -0.19248557]
[-1.0767552   0.41278064 -0.19735622]
[-1.0716898   0.40776956 -0.2021352 ]
[-1.0666378   0.4028449  -0.20682526]
[-1.0615987   0.3980043  -0.21142864]
[-1.056573    0.3932457  -0.21594787]
[-1.0515609   0.3885665  -0.22038543]
[-1.0465623   0.3839649  -0.22474325]
[-1.0415776   0.37943828 -0.2290237 ]
[-1.0366068   0.3749845  -0.23322916]
[-1.0316498   0.3706019  -0.23736155]
[-1.0267069   0.36628842 -0.24142253]
[-1.0217779   0.3620417  -0.24541473]
[-1.0168631   0.35785997 -0.2493397 ]
[-1.0119622   0.35374177 -0.25319958]
[-1.0070752   0.34968507 -0.2569958 ]
[-1.002202    0.3456881  -0.26073027]
[-0.997343   0.3417493 -0.2644049]
[-0.9924975   0.33786666 -0.26802123]
[-0.9876657   0.3340392  -0.27158082]
[-0.9828474   0.33026493 -0.27508545]
[-0.9780427   0.32654226 -0.27853656]
[-0.9732512   0.32287025 -0.28193545]
[-0.9684731   0.3192469  -0.28528392]
[-0.96370775  0.3156712  -0.28858304]
[-0.95895535  0.31214154 -0.29183424]
[-0.9542157   0.30865693 -0.29503918]
[-0.9494885   0.30521595 -0.2981987 ]
[-0.94477355  0.3018173  -0.30131423]
[-0.9400708  0.2984599 -0.3043871]
[-0.93538     0.2951424  -0.30741823]
[-0.93070084  0.29186392 -0.31040907]
[-0.92603314  0.2886232  -0.31336045]
[-0.92137665  0.2854191  -0.3162737 ]
[-0.91673124  0.28225088 -0.3191495 ]
[-0.9120966   0.27911735 -0.3219893 ]
[-0.9074725   0.27601743 -0.32479405]
[-0.9028587   0.2729503  -0.32756424]
[-0.89825493  0.26991522 -0.33030152]
[-0.8936609   0.26691103 -0.33300602]
[-0.88907635  0.263937   -0.33567905]
[-0.8845012   0.26099193 -0.33832145]
[-0.87993497  0.2580756  -0.34093416]
[-0.8753774   0.25518668 -0.34351742]
[-0.8708285  0.2523247 -0.3460728]
[-0.8662876   0.24948895 -0.34860063]
[-0.86175466  0.24667835 -0.3511014 ]
[-0.8572293   0.24389255 -0.35357642]
[-0.8527114   0.24113071 -0.35602593]
[-0.84820056  0.238392   -0.35845077]
[-0.84369636  0.23567593 -0.36085153]
[-0.8391987   0.23298192 -0.36322904]
[-0.8347073   0.23030925 -0.36558354]
[-0.8302218  0.2276572 -0.3679161]
[-0.8257418   0.22502553 -0.37022698]
[-0.82126737  0.22241354 -0.37251687]
[-0.8167977   0.21982026 -0.37478626]
[-0.8123328   0.2172457  -0.37703562]
[-0.8078724   0.21468914 -0.3792658 ]
[-0.8034162   0.21214986 -0.38147676]
[-0.7989637   0.20962775 -0.3836695 ]
[-0.794515    0.20712197 -0.38584423]
[-0.7900694   0.20463228 -0.38800144]
[-0.78562665  0.20215821 -0.3901416 ]
[-0.7811867   0.19969904 -0.39226544]
[-0.77674913  0.19725466 -0.39437282]
[-0.77231365  0.19482446 -0.3964646 ]
[-0.76787984  0.19240797 -0.39854085]
[-0.7634476   0.19000494 -0.40060234]
[-0.7590164   0.18761516 -0.40264916]
[-0.75458604  0.185238   -0.4046818 ]
[-0.75015634  0.18287289 -0.4067006 ]
[-0.7457268   0.18051982 -0.40870583]
[-0.7412973   0.17817831 -0.41069794]
[-0.7368674   0.17584813 -0.4126773 ]
[-0.732437    0.17352843 -0.41464412]
[-0.72800547  0.17121935 -0.4165988 ]
[-0.72357285  0.16892064 -0.41854155]
[-0.71913856  0.16663182 -0.42047286]
[-0.71470255  0.16435266 -0.4223926 ]
[-0.71026427  0.16208255 -0.4243015 ]
[-0.70582354  0.15982151 -0.4261998 ]
[-0.70138013  0.15756929 -0.42808735]
[-0.6969336   0.15532553 -0.4299649 ]
[-0.6924838   0.15309012 -0.4318322 ]
[-0.6880303   0.15086234 -0.43368995]
[-0.6835729   0.14864242 -0.43553817]
[-0.6791112  0.1464299 -0.4373771]
[-0.6746448   0.14422429 -0.43920696]
[-0.67017365  0.14202595 -0.44102812]
[-0.66569746  0.13983428 -0.4428407 ]
[-0.66121566  0.13764906 -0.44464457]
[-0.65672815  0.13547003 -0.44644046]
[-0.65223455  0.13329732 -0.44822824]
[-0.6477346   0.13113022 -0.45000827]
[-0.643228    0.12896895 -0.45178056]
[-0.63871443  0.12681282 -0.45354557]
[-0.6341935   0.12466228 -0.45530307]
[-0.6296651   0.12251651 -0.45705342]
[-0.62512875  0.12037575 -0.45879698]
[-0.62058425  0.11823976 -0.46053338]
[-0.6160313   0.1161083  -0.46226335]
[-0.61146957  0.11398101 -0.46398687]
[-0.60689867  0.11185813 -0.46570385]
[-0.60231835  0.10973918 -0.46741462]
[-0.5977284   0.10762417 -0.4691192 ]
[-0.5931284   0.10551298 -0.47081792]
[-0.58851814  0.10340548 -0.47251058]
[-0.58389723  0.10130119 -0.47419763]
[-0.57926536  0.09920049 -0.47587883]
[-0.5746224   0.09710288 -0.47755456]
[-0.5699678   0.09500813 -0.47922504]
[-0.56530136  0.09291649 -0.48088992]
[-0.5606229   0.09082782 -0.48254967]
[-0.5559318   0.08874154 -0.4842043 ]
[-0.5512281   0.086658   -0.48585367]
[-0.5465113   0.08457708 -0.48749828]
[-0.5417811   0.08249855 -0.4891379 ]
[-0.53703725  0.08042204 -0.49077272]
[-0.53227943  0.07834816 -0.49240255]
[-0.52750725  0.07627606 -0.49402785]
[-0.5227205   0.07420576 -0.4956485 ]
[-0.5179189   0.07213795 -0.49726462]
[-0.51310205  0.0700717  -0.49887633]
[-0.5082696   0.06800723 -0.5004834 ]
[-0.50342125  0.06594455 -0.50208604]
[-0.49855688  0.0638833  -0.5036843 ]
[-0.493676    0.06182396 -0.505278  ]
[-0.48877838  0.05976605 -0.5068675 ]
[-0.4838636   0.05770969 -0.5084528 ]
[-0.47893143  0.05565464 -0.5100337 ]
[-0.47398153  0.05360115 -0.51161027]
[-0.46901363  0.05154896 -0.5131829 ]
[-0.46402732  0.04949808 -0.51475096]
[-0.4590224   0.04744852 -0.5163151 ]
[-0.4539985   0.04540026 -0.5178747 ]
[-0.4489553   0.04335308 -0.51943016]
[-0.4438925   0.04130721 -0.52098143]
[-0.4388098   0.03926265 -0.5225285 ]
[-0.4337068   0.03721917 -0.5240711 ]
[-0.4285833   0.03517723 -0.5256096 ]
[-0.42343897  0.03313613 -0.5271435 ]
[-0.41827336  0.0310967  -0.5286733 ]
[-0.4130863   0.02905822 -0.5301987 ]
[-0.40787742  0.02702129 -0.53171945]
[-0.40264636  0.02498555 -0.5332359 ]
[-0.3973929   0.02295101 -0.53474784]
[-0.39211664  0.02091801 -0.536255  ]
[-0.3868173   0.01888633 -0.53775764]
[-0.3814946   0.01685619 -0.5392556 ]
[-0.37614816  0.01482761 -0.54074883]
[-0.3707777   0.01280069 -0.5422369 ]
[-0.36538288  0.01077545 -0.54372036]
[-0.3599634   0.00875187 -0.54519844]
[-0.35451898  0.00673008 -0.5466716 ]
[-0.34904918  0.00471044 -0.54813933]
[-0.34355384  0.00269258 -0.5496017 ]
[-0.33803257  0.00067699 -0.5510584 ]
[-0.3324851  -0.00133622 -0.55250967]
[-0.32691103 -0.00334716 -0.55395544]
[-0.32131007 -0.00535572 -0.555395  ]
[-0.31568208 -0.00736165 -0.5568286 ]
[-0.31002653 -0.00936472 -0.55825603]
[-0.3043432 -0.0113647 -0.5596771]
[-0.29863173 -0.01336193 -0.5610918 ]
[-0.2928919  -0.01535583 -0.56249964]
[-0.28712335 -0.01734614 -0.5639008 ]
[-0.2813258  -0.01933265 -0.5652951 ]
[-0.2754989  -0.02131557 -0.566682  ]
[-0.26964238 -0.02329445 -0.56806123]
[-0.26375595 -0.02526915 -0.569433  ]
[-0.25783926 -0.02723932 -0.57079685]
[-0.25189212 -0.02920473 -0.5721526 ]
[-0.24591415 -0.03116512 -0.57350004]
[-0.23990501 -0.03312016 -0.5748389 ]
[-0.23386453 -0.03507006 -0.5761688 ]
[-0.22779235 -0.03701401 -0.5774896 ]
[-0.22168814 -0.03895175 -0.5788009 ]
[-0.21555172 -0.04088306 -0.5801028 ]
[-0.20938271 -0.04280782 -0.58139443]
[-0.2031809  -0.04472554 -0.5826758 ]
[-0.19694604 -0.04663563 -0.5839466 ]
[-0.1906777  -0.04853821 -0.5852063 ]
[-0.18437573 -0.05043232 -0.58645463]
[-0.17803983 -0.05231822 -0.5876914 ]
[-0.17166977 -0.05419517 -0.58891606]
[-0.16526525 -0.05606294 -0.59012854]
[-0.15882596 -0.05792069 -0.59132814]
[-0.15235178 -0.05976832 -0.5925144 ]
[-0.14584237 -0.06160522 -0.5936872 ]
[-0.13929746 -0.06343102 -0.5948458 ]
[-0.13271686 -0.06524539 -0.59598994]
[-0.12610026 -0.06704736 -0.59711933]
[-0.11944753 -0.06883681 -0.598233  ]
[-0.1127583  -0.07061315 -0.5993309 ]
[-0.10603242 -0.07237554 -0.60041225]
[-0.09926968 -0.07412362 -0.6014769 ]
[-0.09246982 -0.07585669 -0.6025239 ]
[-0.08563265 -0.07757401 -0.60355294]
[-0.07875793 -0.07927549 -0.6045635 ]
[-0.0718455  -0.08095968 -0.6055548 ]
[-0.0648951  -0.08262694 -0.60652614]
[-0.0579066  -0.08427525 -0.60747755]
[-0.05087976 -0.08590484 -0.60840774]
[-0.04381441 -0.08751452 -0.60931623]
[-0.03671031 -0.08910406 -0.6102023 ]
[-0.02956739 -0.09067202 -0.6110654 ]
[-0.02238541 -0.09221792 -0.61190474]
[-0.01516419 -0.09374094 -0.61271954]
[-0.00790368 -0.09524012 -0.6135094 ]
[-6.0359761e-04 -9.6714616e-02 -6.1427319e-01]
[ 0.00673615 -0.09816372 -0.61501014]
[ 0.01411567 -0.09958601 -0.6157197 ]
[ 0.02153516 -0.10098088 -0.61640084]
[ 0.02899469 -0.10234761 -0.6170523 ]
[ 0.03649442 -0.10368466 -0.617674  ]
[ 0.04403447 -0.10499108 -0.6182647 ]
[ 0.05161493 -0.1062659  -0.6188233 ]
[ 0.05923592 -0.10750818 -0.619349  ]
[ 0.06689756 -0.10871649 -0.6198406 ]
[ 0.07459993 -0.1098901  -0.6202977 ]
[ 0.08234304 -0.11102724 -0.6207187 ]
[ 0.09012712 -0.11212707 -0.6211029 ]
[ 0.09795211 -0.11318839 -0.621449  ]
[ 0.10581815 -0.11420989 -0.62175584]
[ 0.11372526 -0.11519003 -0.6220225 ]
[ 0.1216736  -0.11612761 -0.62224793]
[ 0.1296631  -0.1170212  -0.62243044]
[ 0.13769387 -0.1178695  -0.6225693 ]
[ 0.14576595 -0.11867094 -0.62266314]
[ 0.15387933 -0.11942434 -0.62271047]
[ 0.16203406 -0.12012768 -0.6227101 ]
[ 0.17023018 -0.12077975 -0.6226609 ]
[ 0.17846774 -0.12137878 -0.6225611 ]
[ 0.18674669 -0.12192345 -0.6224096 ]
[ 0.19506705 -0.12241161 -0.6222048 ]
[ 0.20342885 -0.12284184 -0.6219454 ]
[ 0.2118321  -0.12321234 -0.6216297 ]
[ 0.22027677 -0.12352133 -0.62125623]
[ 0.22876288 -0.12376726 -0.62082314]
[ 0.23729037 -0.12394762 -0.6203294 ]
[ 0.24585925 -0.12406111 -0.6197729 ]
[ 0.25446957 -0.12410533 -0.61915183]
[ 0.26312125 -0.12407875 -0.6184647 ]
[ 0.27181423 -0.12397861 -0.61771   ]
[ 0.2805485  -0.12380326 -0.61688507]
[ 0.2893241  -0.12355077 -0.61598873]
[ 0.29814094 -0.12321842 -0.6150187 ]
[ 0.30699897 -0.12280428 -0.61397326]
[ 0.31589827 -0.12230611 -0.61285007]
[ 0.32483864 -0.12172115 -0.6116475 ]
[ 0.3338202  -0.12104762 -0.61036336]
[ 0.34284282 -0.12028241 -0.6089951 ]
[ 0.35190648 -0.11942363 -0.6075407 ]
[ 0.36101118 -0.1184684  -0.6059979 ]
[ 0.37015685 -0.11741376 -0.6043645 ]
[ 0.37934354 -0.11625767 -0.6026381 ]
[ 0.38857108 -0.11499691 -0.600816  ]
[ 0.39783958 -0.11362875 -0.598896  ]
[ 0.40714893 -0.11215043 -0.5968753 ]
[ 0.41649914 -0.11055875 -0.59475124]
[ 0.42589015 -0.10885096 -0.59252155]
[ 0.435322   -0.10702395 -0.590183  ]
[ 0.44479457 -0.10507464 -0.5877329 ]
[ 0.45430794 -0.10299933 -0.5851685 ]
[ 0.46386212 -0.10079515 -0.5824864 ]
[ 0.47345707 -0.09845841 -0.579684  ]
[ 0.4830927  -0.09598625 -0.576758  ]
[ 0.49276915 -0.09337437 -0.57370543]
[ 0.50248635 -0.09061933 -0.57052207]
[ 0.51224434 -0.08771741 -0.56720567]
[ 0.5220431 -0.0846653 -0.5637523]
[ 0.53188276 -0.08145821 -0.56015825]
[ 0.5417632  -0.07809269 -0.55641973]
[ 0.5516845  -0.07456458 -0.55253375]
[ 0.5616467  -0.07086945 -0.54849553]
[ 0.5716498  -0.06700301 -0.54430187]
[ 0.5816939  -0.06296098 -0.53994787]
[ 0.591779   -0.05873847 -0.53542984]
[ 0.601905   -0.0543313  -0.53074384]
[ 0.6120723  -0.04973423 -0.5258846 ]
[ 0.62228054 -0.04494226 -0.5208483 ]
[ 0.63253    -0.03995085 -0.51563   ]
[ 0.64282054 -0.0347544  -0.51022446]
[ 0.65315235 -0.02934754 -0.50462747]
[ 0.6635255  -0.02372527 -0.49883366]
[ 0.6739399  -0.01788139 -0.4928378 ]
[ 0.68439555 -0.01181042 -0.48663437]
[ 0.69489247 -0.00550628 -0.48021817]
[ 0.7054308  0.001037  -0.4735831]
[ 0.7160103   0.00782585 -0.46672356]
[ 0.7266311   0.01486635 -0.4596337 ]
[ 0.73729306  0.02216554 -0.45230746]
[ 0.74799615  0.0297302  -0.44473803]
[ 0.75874025  0.0375669  -0.43691897]
[ 0.7695252   0.04568326 -0.42884386]
[ 0.78035086  0.05408609 -0.42050564]
[ 0.791217    0.06278348 -0.4118973 ]
[ 0.8021235   0.07178295 -0.40301144]
[ 0.81307     0.08109283 -0.3938409 ]
[ 0.8240562   0.09072042 -0.3843776 ]
[ 0.8350816   0.10067499 -0.374614  ]
[ 0.8461456   0.11096454 -0.3645419 ]
[ 0.857248    0.12159824 -0.35415328]
[ 0.86838806  0.13258481 -0.34343934]
[ 0.8795648   0.14393377 -0.33239162]
[ 0.8907778   0.15565431 -0.32100117]
[ 0.9020261   0.16775608 -0.30925894]
[ 0.9133085   0.1802491  -0.29715586]
[ 0.92462385  0.19314325 -0.28468215]
[ 0.9359711   0.2064488  -0.27182877]
[ 0.94734865  0.22017598 -0.25858545]
[ 0.95875484  0.23433566 -0.24494243]
[ 0.9701882   0.24893856 -0.23088956]
[ 0.9816463   0.26399553 -0.21641672]
[ 0.99312735  0.27951705 -0.20151353]
[ 1.004629    0.29551494 -0.1861695 ]
[ 1.0161483   0.31199992 -0.1703744 ]
[ 1.0276827   0.32898343 -0.15411758]
[ 1.0392289   0.34647667 -0.13738847]
[ 1.0507835   0.36449075 -0.12017632]
[ 1.0623428   0.38303697 -0.10247135]
[ 1.0739025   0.4021262  -0.08426285]
[ 1.0854584   0.42176926 -0.06554079]
[ 1.0970054   0.44197702 -0.04629487]
[ 1.1085387   0.46275938 -0.0265162 ]
[ 1.1200525   0.48412716 -0.00619495]
[1.1315407  0.5060892  0.01467776]
[1.1429967  0.52865493 0.03611022]
[1.1544138 0.5518328 0.05811  ]
[1.1657842  0.57563055 0.08068454]
[1.1771002  0.600055   0.10383999]
[1.188353   0.6251124  0.12758207]
[1.1995336  0.6508078  0.15191513]
[1.2106323  0.6771452  0.17684245]
[1.2216393  0.7041273  0.20236653]
[1.2325432  0.7317552  0.22848791]
[1.2433333  0.76002854 0.2552061 ]
[1.253997   0.7889457  0.28251922]
[1.2645224  0.81850284 0.31042284]
[1.2748965  0.8486944  0.33891147]
[1.2851055  0.87951267 0.36797744]
[1.2951354  0.9109475  0.39761078]
[1.3049719  0.94298697 0.4277997 ]
[1.3146003  0.9756162  0.45852956]
[1.324005  1.0088181 0.489784 ]
[1.3331707  1.0425731  0.52154374]
[1.3420817 1.0768585 0.5537868]
[1.3507222 1.1116493 0.5864891]
[1.359076  1.1469172 0.619624 ]
[1.3671273 1.1826316 0.6531617]
[1.3748606 1.2187594 0.6870704]
[1.3822604 1.255264  0.7213155]
[1.3893116 1.2921071 0.7558603]
[1.3959991 1.3292475 0.7906656]
[1.4023092 1.3666416 0.8256902]
[1.4082289 1.404244  0.8608908]
[1.413745  1.4420072 0.8962229]
[1.4188465 1.479882  0.9316398]
[1.4235227 1.5178181 0.9670942]
[1.4277643 1.555764  1.0025377]
[1.431563  1.5936674 1.0379213]
[1.4349124 1.6314756 1.0731958]
[1.4378071 1.6691359 1.1083121]
[1.440243  1.706596  1.1432213]
[1.4422178 1.7438039 1.1778753]
[1.4437307 1.7807091 1.2122275]
[1.4447821 1.817262  1.2462319]
[1.4453744 1.8534151 1.2798448]
[1.4455111 1.8891225 1.3130242]
[1.4451973 1.9243408 1.3457305]
[1.44444   1.959029  1.3779266]
[1.4432465 1.993149  1.4095774]
[1.4416261 2.0266652 1.4406512]
[1.4395894 2.0595458 1.4711189]
[1.4371475 2.0917614 1.5009547]
[1.434313  2.123286  1.5301354]
[1.4310989 2.1540973 1.5586413]
[1.4275194 2.184176  1.5864555]
[1.423589  2.213506  1.6135639]
[1.419323  2.2420745 1.639956 ]
[1.4147373 2.269872  1.6656233]
[1.4098474 2.2968917 1.6905608]
[1.4046694 2.32313   1.7147657]
[1.39922   2.3485851 1.7382377]
[1.393515  2.3732595 1.7609787]
[1.3875709 2.3971562 1.7829936]
[1.3814034 2.4202821 1.8042874]
[1.3750287 2.4426448 1.8248692]
[1.3684623 2.4642546 1.8447483]
[1.3617193 2.485123  1.8639356]
[1.3548143 2.505263  1.8824439]
[1.3477621 2.5246892 1.9002864]
[1.3405764 2.5434172 1.917478 ]
[1.3332704 2.5614636 1.9340341]
[1.3258575 2.5788455 1.9499701]
[1.3183496 2.5955806 1.9653038]
[1.3107587 2.611688  1.9800515]
[1.303096  2.627186  1.9942311]
[1.2953722 2.642094  2.0078602]
[1.2875975 2.656431  2.0209565]
[1.2797815 2.6702163 2.0335376]
[1.2719328 2.6834695 2.0456219]
[1.2640605 2.6962097 2.057227 ]
[1.2561723 2.7084553 2.0683703]
[1.2482755 2.7202258 2.0790687]
[1.2403772 2.7315388 2.0893402]
[1.2324836 2.742413  2.0992007]
[1.2246011 2.7528658 2.1086674]
[1.2167349 2.7629144 2.117756 ]
[1.2088904 2.7725759 2.1264815]
[1.2010721 2.781866  2.1348596]
[1.1932843 2.790801  2.1429055]
[1.1855313 2.799396  2.1506329]
[1.177816  2.8076663 2.158056 ]
[1.1701423 2.8156257 2.1651878]
[1.1625128 2.823288  2.172042 ]
[1.1549302 2.8306665 2.1786299]
[1.147397  2.8377745 2.1849644]
[1.1399151 2.8446236 2.1910567]
[1.1324863 2.851226  2.1969182]
[1.1251125 2.857593  2.2025592]
[1.117795  2.8637354 2.2079904]
[1.1105348 2.8696637 2.213221 ]
[1.1033328 2.8753877 2.2182608]
[1.0961901 2.8809166 2.2231183]
[1.0891072 2.88626   2.2278028]
[1.0820848 2.8914266 2.2323222]
[1.0751228 2.896424  2.2366843]
[1.0682219 2.9012613 2.2408962]
[1.0613819 2.9059448 2.244966 ]
[1.054603  2.9104824 2.2489004]
[1.047885  2.9148812 2.2527046]
[1.0412276 2.9191473 2.2563863]
[1.0346304 2.923287  2.2599509]
[1.0280933 2.9273062 2.263404 ]
[1.0216159 2.9312112 2.2667513]
[1.0151975 2.9350064 2.2699974]
[1.0088375 2.938698  2.2731473]
[1.0025352 2.9422903 2.276206 ]
[0.9962903 2.9457877 2.2791781]
[0.9901018 2.9491954 2.2820668]
[0.98396885 2.9525173  2.2848773 ]
[0.97789097 2.9557571  2.2876127 ]
[0.97186714 2.9589195  2.290277  ]
[0.96589667 2.9620075  2.2928734 ]
[0.9599785 2.9650247 2.2954056]
[0.9541117 2.9679747 2.2978764]
[0.9482956 2.97086   2.3002887]
[0.9425291 2.9736848 2.3026457]
[0.9368113 2.9764507 2.30495  ]
[0.9311414 2.9791613 2.307204 ]
[0.92551816 2.981819   2.3094103 ]
[0.9199409 2.984426  2.3115716]
[0.9144086 2.9869852 2.3136892]
[0.90892005 2.989499   2.3157663 ]
[0.9034746 2.9919686 2.3178043]
[0.8980711 2.9943972 2.3198056]
[0.8927088 2.9967864 2.3217714]
[0.8873865 2.9991374 2.3237042]
[0.88210326 3.001453   2.325605  ]
[0.87685823 3.0037346  2.3274758 ]
[0.8716504 3.0059834 2.329318 ]
[0.86647886 3.0082016  2.331133  ]
[0.8613426 3.0103908 2.3329225]
[0.85624075 3.0125518  2.3346872 ]
[0.85117245 3.0146859  2.336429  ]
[0.84613675 3.0167952  2.3381495 ]
[0.8411327 3.0188804 2.3398485]
[0.8361593 3.0209432 2.3415284]
[0.83121574 3.0229843  2.3431895 ]
[0.82630134 3.0250049  2.344833  ]
[0.8214149 3.0270061 2.3464599]
[0.8165557 3.0289893 2.348071 ]
[0.81172293 3.0309548  2.349668  ]
[0.8069159 3.032904  2.3512506]
[0.8021333 3.0348377 2.3528204]
[0.7973747 3.0367568 2.3543777]
[0.7926392 3.038662  2.3559237]
[0.787926 3.040554 2.357459]
[0.7832342 3.0424342 2.358984 ]
[0.77856314 3.044303   2.3604996 ]
[0.773912  3.0461607 2.3620064]
[0.7692799 3.0480084 2.3635051]
[0.7646664 3.0498466 2.3649962]
[0.7600702 3.0516768 2.3664804]
[0.75549114 3.0534983  2.3679578 ]
[0.7509281 3.0553122 2.3694296]
[0.74638045 3.057119   2.3708959 ]
[0.7418476 3.0589197 2.3723571]
[0.7373287 3.0607142 2.373814 ]
[0.7328231 3.0625033 2.375267 ]
[0.72833   3.0642881 2.3767166]
[0.72384894 3.0660682  2.3781626 ]
[0.71937907 3.0678444  2.3796062 ]
[0.7149197 3.0696173 2.3810475]
[0.7104703 3.0713873 2.3824866]
[0.7060301 3.0731544 2.3839245]
[0.70159847 3.0749197  2.3853612 ]
[0.6971749 3.076683  2.386797 ]
[0.6927586 3.078445  2.388232 ]
[0.68834907 3.0802062  2.3896675 ]
[0.6839455 3.0819669 2.3911028]
[0.6795474 3.083727  2.3925385]
[0.6751542 3.0854874 2.3939753]
[0.6707652 3.0872483 2.395413 ]
[0.66637987 3.0890098  2.396852  ]
[0.66199756 3.090773   2.3982925 ]
[0.6576177 3.0925372 2.3997355]
[0.65323967 3.0943031  2.4011803 ]
[0.648863  3.0960715 2.4026275]
[0.644487  3.0978417 2.4040775]
[0.64011115 3.099615   2.4055307 ]
[0.6357348 3.1013913 2.4069872]
[0.63135755 3.1031706  2.4084468 ]
[0.6269787 3.1049533 2.4099102]
[0.6225978 3.10674   2.4113777]
[0.61821425 3.1085305  2.4128494 ]
[0.6138275 3.1103258 2.4143252]
[0.60943705 3.112125   2.4158058 ]
[0.60504234 3.1139295  2.4172912 ]
[0.6006427 3.1157389 2.4187815]
[0.5962379 3.1175532 2.420277 ]
[0.59182703 3.1193733  2.4217782 ]
[0.58740985 3.1211991  2.4232848 ]
[0.5829857 3.123031  2.4247975]
[0.5785541 3.1248689 2.4263158]
[0.57411456 3.1267133  2.4278407 ]
[0.5696665 3.1285644 2.4293718]
[0.5652095 3.130422  2.4309094]
[0.5607429 3.132287  2.432454 ]
[0.5562664 3.1341593 2.4340057]
[0.55177927 3.136039   2.435564  ]
[0.5472812 3.137926  2.4371297]
[0.5427716 3.1398213 2.438703 ]
[0.53824985 3.1417246  2.4402843 ]
[0.5337156 3.1436357 2.4418726]
[0.5291684 3.1455555 2.4434695]
[0.52460766 3.1474838  2.4450743 ]
[0.5200328 3.149421  2.4466872]
[0.51544356 3.1513672  2.448309  ]
[0.5108393 3.1533222 2.4499388]
[0.5062194 3.1552868 2.4515777]
[0.5015837 3.1572607 2.4532251]
[0.49693146 3.1592443  2.4548821 ]
[0.49226233 3.1612377  2.4565477 ]
[0.48757574 3.1632407  2.4582229 ]
[0.48287126 3.1652539  2.4599075 ]
[0.47814843 3.1672773  2.4616015 ]
[0.47340667 3.169311   2.4633052 ]
[0.4686457 3.1713555 2.4650187]
[0.4638649 3.1734104 2.4667425]
[0.4590638 3.175476  2.468476 ]
[0.454242  3.1775527 2.4702196]
[0.44939893 3.17964    2.471974  ]
[0.4445343 3.1817389 2.4737382]
[0.43964753 3.1838484  2.475513  ]
[0.43473813 3.1859696  2.4772987 ]
[0.42980582 3.1881018  2.4790945 ]
[0.42484993 3.1902459  2.4809017 ]
[0.41987014 3.1924014  2.4827194 ]
[0.41486597 3.1945686  2.484548  ]
[0.409837  3.1967473 2.4863877]
[0.40478277 3.1989384  2.4882388 ]
[0.3997029 3.2011409 2.4901004]
[0.39459684 3.2033553  2.4919734 ]
[0.38946423 3.2055814  2.4938579 ]
[0.38430464 3.20782    2.4957535 ]
[0.3791177 3.2100701 2.4976604]
[0.37390295 3.2123325  2.499579  ]
[0.36866   3.2146068 2.5015087]
[0.3633884 3.2168932 2.5034497]
[0.3580877 3.2191916 2.505402 ]
[0.3527577 3.2215023 2.5073662]
[0.34739783 3.2238245  2.5093415 ]
[0.34200785 3.2261586  2.5113282 ]
[0.33658713 3.2285047  2.5133262 ]
[0.3311356 3.2308626 2.5153356]
[0.3256528 3.233232  2.5173564]
[0.32013825 3.2356133  2.5193884 ]
[0.31459168 3.238006   2.5214312 ]
[0.3090128 3.2404103 2.5234854]
[0.30340123 3.242826   2.5255508 ]
[0.29775667 3.2452526  2.5276265 ]
[0.29207873 3.2476897  2.5297136 ]
[0.28636727 3.2501383  2.5318108 ]
[0.28062177 3.2525973  2.5339189 ]
[0.2748421 3.2550664 2.536037 ]
[0.26902798 3.257546   2.5381653 ]
[0.2631791 3.2600353 2.540304 ]
[0.25729525 3.2625344  2.542452  ]
[0.25137612 3.2650428  2.54461   ]
[0.24542154 3.26756    2.5467772 ]
[0.2394313 3.2700865 2.5489535]
[0.23340519 3.2726212  2.5511384 ]
[0.22734304 3.2751637  2.5533319 ]
[0.22124454 3.277714   2.555534  ]
[0.21510972 3.2802715  2.5577435 ]
[0.20893838 3.282836   2.5599613 ]
[0.20273033 3.285407   2.5621858 ]
[0.19648547 3.2879834  2.5644171 ]
[0.19020379 3.2905655  2.5666552 ]
[0.18388514 3.2931526  2.5688992 ]
[0.17752944 3.295744   2.5711484 ]
[0.17113674 3.298339   2.573403  ]
[0.1647069 3.3009372 2.5756626]
[0.15824   3.3035378 2.5779257]
[0.15173605 3.306141   2.5801926 ]
[0.14519498 3.3087444  2.5824625 ]
[0.13861696 3.311349   2.5847352 ]
[0.13200201 3.3139532  2.5870092 ]
[0.12535027 3.3165562  2.589285  ]
[0.11866176 3.3191576  2.5915606 ]
[0.1119367 3.3217561 2.5938365]
[0.10517521 3.3243513  2.5961113 ]
[0.09837744 3.3269424  2.5983849 ]
[0.09154367 3.3295279  2.600656  ]
[0.08467403 3.3321073  2.6029239 ]
[0.07776889 3.3346796  2.6051874 ]
[0.07082842 3.3372436  2.6074467 ]
[0.06385297 3.3397985  2.6097004 ]
[0.05684275 3.3423433  2.611947  ]
[0.04979824 3.3448765  2.6141865 ]
[0.04271974 3.3473973  2.6164174 ]
[0.03560759 3.3499045  2.618639  ]
[0.02846226 3.352397   2.62085   ]
[0.02128416 3.3548737  2.6230497 ]
[0.01407374 3.3573327  2.6252367 ]
[0.00683146 3.3597736  2.6274104 ]
[-4.4207647e-04  3.3621945e+00  2.6295691e+00]
[-0.00774647  3.3645945   2.6317117 ]
[-0.01508116  3.366972    2.6338377 ]
[-0.02244552  3.3693256   2.6359453 ]
[-0.029839   3.3716543  2.6380334]
[-0.03726098  3.3739562   2.640101  ]
[-0.04471082  3.3762302   2.6421468 ]
[-0.0521879  3.378475   2.644169 ]
[-0.05969154  3.3806882   2.6461673 ]
[-0.06722108  3.3828697   2.6481392 ]
[-0.07477575  3.385017    2.6500843 ]
[-0.08235485  3.3871284   2.652001  ]
[-0.08995767  3.389203    2.6538873 ]
[-0.09758347  3.3912392   2.6557426 ]
[-0.10523144  3.3932347   2.657565  ]
[-0.11290078  3.3951888   2.6593537 ]
[-0.12059072  3.3971      2.6611066 ]
[-0.12830046  3.3989654   2.6628222 ]
[-0.13602915  3.4007845   2.6644998 ]
[-0.143776   3.4025552  2.6661372]
[-0.15154012  3.4042761   2.6677332 ]
[-0.15932076  3.4059458   2.669286  ]
[-0.16711691  3.407562    2.6707945 ]
[-0.17492786  3.4091234   2.6722574 ]
[-0.18275271  3.4106283   2.6736722 ]
[-0.19059055  3.4120755   2.6750383 ]
[-0.19844052  3.4134626   2.676354  ]
[-0.20630178  3.4147885   2.6776175 ]
[-0.21417342  3.4160511   2.6788278 ]
[-0.2220547  3.4172492  2.6799827]
[-0.2299446  3.4183817  2.681081 ]
[-0.23784232  3.4194455   2.6821215 ]
[-0.24574707  3.4204402   2.6831021 ]
[-0.2536579  3.4213638  2.684022 ]
[-0.26157406  3.422215    2.6848793 ]
[-0.26949468  3.4229922   2.6856723 ]
[-0.277419   3.4236934  2.6864   ]
[-0.2853461  3.4243178  2.6870608]
[-0.2932753  3.4248633  2.687653 ]
[-0.30120578  3.4253287   2.6881757 ]
[-0.3091368  3.4257126  2.688627 ]
[-0.31706756  3.426013    2.6890059 ]
[-0.32499748  3.4262295   2.68931   ]
[-0.33292565  3.4263597   2.6895394 ]
[-0.34085152  3.426403    2.689692  ]
[-0.34877437  3.4263575   2.6897664 ]
[-0.35669357  3.426222    2.6897612 ]
[-0.3646086  3.4259953  2.6896753]
[-0.37251866  3.4256763   2.6895075 ]
[-0.38042328  3.4252634   2.6892562 ]
[-0.3883219  3.424755   2.6889205]
[-0.39621404  3.424151    2.688499  ]
[-0.40409908  3.423449    2.6879907 ]
[-0.4119767  3.4226487  2.687394 ]
[-0.41984633  3.4217486   2.686708  ]
[-0.42770755  3.4207475   2.6859312 ]
[-0.43556002  3.419644    2.685063  ]
[-0.44340342  3.418438    2.6841016 ]
[-0.45123726  3.4171274   2.6830463 ]
[-0.45906138  3.4157119   2.6818962 ]
[-0.46687543  3.4141898   2.68065   ]
[-0.47467908  3.4125605   2.6793067 ]
[-0.4824722  3.410823   2.677865 ]
[-0.4902547  3.408976   2.676324 ]
[-0.49802613  3.4070191   2.6746826 ]
[-0.5057866  3.404951   2.67294  ]
[-0.51353586  3.40277     2.671095  ]
[-0.5212739  3.4004767  2.6691465]
[-0.52900064  3.398069    2.6670942 ]
[-0.53671604  3.3955464   2.664936  ]
[-0.54442006  3.3929079   2.6626716 ]
[-0.5521128  3.3901525  2.6602998]
[-0.5597943  3.3872793  2.6578197]
[-0.56746453  3.3842878   2.6552308 ]
[-0.57512367  3.3811767   2.6525316 ]
[-0.58277196  3.377945    2.649721  ]
[-0.5904093  3.3745918  2.646798 ]
[-0.598036   3.3711166  2.643762 ]
[-0.6056522  3.3675182  2.6406121]
[-0.61325824  3.3637953   2.6373467 ]
[-0.6208542  3.3599477  2.6339655]
[-0.62844026  3.3559737   2.6304665 ]
[-0.6360169  3.3518727  2.6268497]
[-0.6435843  3.3476439  2.6231136]
[-0.65114284  3.343286    2.6192575 ]
[-0.6586927  3.3387978  2.6152797]
[-0.6662344  3.334179   2.6111798]
[-0.67376816  3.3294277   2.606956  ]
[-0.68129444  3.3245435   2.6026077 ]
[-0.68881345  3.3195248   2.5981336 ]
[-0.6963257  3.3143706  2.5935326]
[-0.7038316  3.3090801  2.5888033]
[-0.7113316  3.3036516  2.5839448]
[-0.71882606  3.2980843   2.5789557 ]
[-0.72631526  3.2923763   2.5738344 ]
[-0.7337998  3.2865272  2.56858  ]
[-0.7412801  3.2805352  2.5631912]
[-0.7487565  3.2743998  2.5576663]
[-0.7562295  3.2681184  2.5520043]
[-0.7636996  3.2616897  2.5462036]
[-0.77116704  3.2551131   2.5402627 ]
[-0.7786326  3.2483869  2.5341802]
[-0.78609616  3.241509    2.5279546 ]
[-0.7935586  3.2344785  2.521584 ]
[-0.80102026  3.2272935   2.5150669 ]
[-0.80848134  3.219952    2.508402  ]
[-0.81594235  3.2124534   2.5015876 ]
[-0.82340395  3.2047956   2.4946215 ]
[-0.83086604  3.1969762   2.4875026 ]
[-0.83832926  3.188994    2.4802284 ]
[-0.8457939  3.180847   2.4727979]
[-0.8532602  3.1725335  2.4652085]
[-0.86072844  3.164051    2.4574585 ]
[-0.8681991  3.1553988  2.449546 ]
[-0.8756722  3.146574   2.4414692]
[-0.88314813  3.1375747   2.4332256 ]
[-0.890627   3.1283991  2.424814 ]
[-0.89810884  3.119045    2.4162314 ]
[-0.90559405  3.1095104   2.4074762 ]
[-0.91308254  3.0997932   2.398546  ]
[-0.92057437  3.0898907   2.3894389 ]
[-0.92806965  3.0798016   2.3801522 ]
[-0.9355682  3.0695229  2.3706841]
[-0.9430701  3.059053   2.3610322]
[-0.9505752  3.0483894  2.3511941]
[-0.9580834  3.0375295  2.341168 ]
[-0.96559423  3.0264719   2.3309507 ]
[-0.9731075  3.0152135  2.3205407]
[-0.98062307  3.0037525   2.309935  ]
[-0.9881403  2.9920864  2.2991319]
[-0.9956588  2.980213   2.2881286]
[-1.0031782  2.9681299  2.2769232]
[-1.0106976  2.9558349  2.2655125]
[-1.0182166  2.9433265  2.253895 ]
[-1.0257342  2.9306011  2.2420683]
[-1.0332497  2.9176579  2.2300296]
[-1.0407623  2.9044943  2.2177775]
[-1.0482708  2.8911076  2.205309 ]
[-1.0557741  2.8774967  2.1926222]
[-1.0632713  2.863659   2.1797152]
[-1.0707608  2.8495932  2.1665854]
[-1.0782415  2.835297   2.1532311]
[-1.0857117  2.8207688  2.1396508]
[-1.09317    2.8060071  2.125842 ]
[-1.1006148  2.7910101  2.1118035]
[-1.1080441  2.7757769  2.0975335]
[-1.1154562  2.760306   2.0830302]
[-1.122849   2.744596   2.0682921]
[-1.1302205  2.7286458  2.0533185]
[-1.1375687  2.7124553  2.0381083]
[-1.1448907  2.6960235  2.0226598]
[-1.1521845  2.6793494  2.0069728]
[-1.1594473  2.6624331  1.9910462]
[-1.1666768  2.6452746  1.9748799]
[-1.1738698  2.627874   1.9584733]
[-1.1810237  2.6102314  1.9418269]
[-1.1881354  2.5923474  1.9249403]
[-1.1952016  2.574223   1.907814 ]
[-1.2022194  2.5558593  1.890449 ]
[-1.2091854  2.5372572  1.8728458]
[-1.216096   2.5184188  1.8550057]
[-1.2229477  2.4993458  1.83693  ]
[-1.229737   2.4800403  1.8186206]
[-1.23646    2.460505   1.8000796]
[-1.2431132  2.4407427  1.7813088]
[-1.2496924  2.4207566  1.7623112]
[-1.2561936  2.40055    1.7430898]
[-1.2626132  2.3801265  1.7236476]
[-1.2689468  2.3594909  1.7039884]
[-1.2751901  2.338647   1.6841162]
[-1.2813393  2.3176     1.6640351]
[-1.2873901  2.2963552  1.64375  ]
[-1.2933382  2.274918   1.6232653]
[-1.2991793  2.2532945  1.602587 ]
[-1.3049091  2.2314909  1.5817205]
[-1.3105237  2.2095137  1.5606718]
[-1.3160187  2.1873698  1.5394477]
[-1.3213897  2.1650667  1.5180546]
[-1.3266329  2.1426122  1.4964995]
[-1.3317441  2.120014   1.4747903]
[-1.3367189  2.0972807  1.4529345]
[-1.3415539  2.074421   1.4309403]
[-1.346245   2.0514433  1.4088161]
[-1.3507887  2.0283575  1.3865706]
[-1.355181   2.0051727  1.364213 ]
[-1.3594186  1.981899   1.3417526]
[-1.363498   1.9585464  1.3191988]
[-1.367416   1.9351248  1.2965617]
[-1.3711698  1.911645   1.2738513]
[-1.3747562  1.8881176  1.2510779]
[-1.3781724  1.8645536  1.2282519]
[-1.381416   1.8409637  1.2053843]
[-1.3844849  1.8173593  1.1824855]
[-1.3873763  1.7937515  1.1595669]
[-1.3900889  1.7701516  1.1366392]
[-1.3926208  1.7465711  1.1137141]
[-1.3949702  1.7230211  1.0908024]
[-1.3971362  1.6995134  1.0679156]
[-1.3991176  1.6760592  1.0450648]
[-1.4009136  1.6526699  1.0222615]
[-1.4025233  1.6293567  0.9995169]
[-1.4039465   1.6061308   0.97684216]
[-1.4051834   1.5830033   0.95424837]
[-1.4062338  1.559985   0.9317465]
[-1.4070978   1.5370868   0.90934736]
[-1.4077765   1.5143193   0.88706166]
[-1.4082702   1.4916924   0.86489993]
[-1.4085801  1.4692166  0.8428723]
[-1.4087073   1.4469014   0.82098895]
[-1.4086531   1.4247565   0.79925966]
[-1.4084195   1.4027913   0.77769387]
[-1.4080077   1.3810142   0.75630075]
[-1.4074204  1.3594341  0.7350892]
[-1.4066592  1.3380592  0.7140679]
[-1.405727    1.3168972   0.69324493]
[-1.4046259   1.2959554   0.67262805]
[-1.4033588  1.2752411  0.6522248]
[-1.4019284  1.2547607  0.6320423]
[-1.4003376  1.2345208  0.612087 ]
[-1.39859    1.2145268  0.5923655]
[-1.3966881   1.1947842   0.57288337]
[-1.3946358   1.175298    0.55364615]
[-1.3924363   1.1560725   0.53465885]
[-1.390093   1.1371121  0.515926 ]
[-1.3876095  1.1184204  0.4974518]
[-1.3849899   1.1000004   0.47923994]
[-1.3822373   1.0818548   0.46129382]
[-1.379356   1.0639865  0.4436164]
[-1.3763496   1.0463972   0.42620987]
[-1.3732218  1.0290885  0.4090768]
[-1.3699768  1.0120615  0.3922184]
[-1.3666184   0.99531716  0.37563634]
[-1.3631505   0.9788558   0.35933125]
[-1.3595767   0.9626774   0.34330398]
[-1.3559014   0.94678205  0.32755446]
[-1.352128    0.9311687   0.31208283]
[-1.3482606  0.9158368  0.2968884]
[-1.344303    0.90078497  0.28197056]
[-1.3402591   0.88601166  0.26732802]
[-1.3361324   0.87151533  0.2529598 ]
[-1.3319265   0.8572936   0.23886395]
[-1.3276454   0.84334433  0.22503865]
[-1.3232925   0.82966506  0.21148163]
[-1.3188713   0.81625324  0.19819081]
[-1.3143853   0.80310553  0.18516344]
[-1.3098379   0.7902191   0.17239678]
[-1.3052323   0.77759063  0.15988779]
[-1.3005718   0.7652166   0.14763337]
[-1.2958597   0.7530937   0.13563037]
[-1.2910991   0.7412179   0.12387532]
[-1.2862926   0.7295856   0.11236447]
[-1.2814434   0.7181928   0.10109425]
[-1.2765545   0.70703554  0.09006089]
[-1.2716284   0.6961098   0.07926059]
[-1.2666677   0.68541145  0.06868947]
[-1.2616752   0.6749363   0.05834347]
[-1.2566533   0.6646801   0.04821831]
[-1.2516043   0.6546387   0.03831029]
[-1.2465308   0.6448078   0.02861488]
[-1.2414346   0.63518286  0.0191282 ]
[-1.2363182   0.62576     0.00984591]
[-1.2311834e+00  6.1653465e-01  7.6383352e-04]
[-1.2260325   0.6075026  -0.00812215]
[-1.2208673   0.59865946 -0.01681644]
[-1.2156894   0.5900014  -0.02532291]
[-1.2105007   0.58152366 -0.03364575]
[-1.205303    0.57322264 -0.04178929]
[-1.2000976   0.5650936  -0.04975766]
[-1.1948863   0.55713296 -0.05755466]
[-1.1896703   0.5493363  -0.06518447]
[-1.1844511   0.5417     -0.07265103]
[-1.17923     0.5342196  -0.07995832]
[-1.1740081   0.5268916  -0.08710992]
[-1.168787    0.5197122  -0.09411049]
[-1.1635672   0.51267755 -0.100963  ]
[-1.1583501   0.5057838  -0.10767138]
[-1.1531366   0.4990276  -0.11423934]
[-1.1479279   0.49240506 -0.12067056]
[-1.1427243   0.4859128  -0.12696838]
[-1.1375271   0.47954762 -0.13313639]
[-1.1323367   0.47330594 -0.13917792]
[-1.1271544   0.4671843  -0.14509594]
[-1.1219802   0.46117985 -0.1508944 ]
[-1.1168152   0.45528924 -0.15657628]
[-1.1116596   0.4495095  -0.16214454]
[-1.1065141   0.44383752 -0.16760194]
[-1.1013794   0.43826985 -0.17295182]
[-1.0962558   0.43280482 -0.17819738]
[-1.0911435   0.42743886 -0.18334103]
[-1.0860431   0.42216933 -0.1883856 ]
[-1.0809549   0.41699326 -0.19333375]
[-1.0758791  0.4119085 -0.1981883]
[-1.0708162   0.40691257 -0.20295179]
[-1.0657662   0.40200257 -0.20762658]
[-1.0607294   0.39717638 -0.2122153 ]
[-1.055706    0.39243186 -0.21672022]
[-1.0506961   0.38776624 -0.22114384]
[-1.0457001   0.38317752 -0.2254883 ]
[-1.040718    0.3786639  -0.22975564]
[-1.0357493   0.37422252 -0.23394811]
[-1.030795    0.36985183 -0.2380681 ]
[-1.0258545   0.36554992 -0.24211729]
[-1.0209279   0.36131465 -0.24609745]
[-1.0160154   0.35714424 -0.2500112 ]
[-1.011117    0.35303664 -0.25385976]
[-1.0062324   0.3489902  -0.25764525]
[-1.0013617   0.3450036  -0.26136935]
[-0.99650484  0.3410746  -0.26503372]
[-0.99166197  0.3372017  -0.26864016]
[-0.9868324   0.33338344 -0.27219033]
[-0.98201656  0.3296181  -0.27568555]
[-0.9772141   0.32590425 -0.27912724]
[-0.97242504  0.3222407  -0.28251767]
[-0.9676491   0.3186257  -0.28585732]
[-0.9628861   0.31505823 -0.2891481 ]
[-0.9581359   0.3115363  -0.29239118]
[-0.9533983   0.30805933 -0.29558825]
[-0.9486733   0.30462587 -0.29874003]
[-0.9439605   0.30123425 -0.30184817]
[-0.93925977  0.297884   -0.30491364]
[-0.9345708   0.2945732  -0.30793786]
[-0.92989373  0.29130125 -0.31092167]
[-0.92522794  0.28806698 -0.3138665 ]
[-0.9205733   0.2848693  -0.31677306]
[-0.91592973  0.28170717 -0.31964278]
[-0.91129696  0.27857947 -0.3224764 ]
[-0.90667456  0.2754854  -0.32527506]
[-0.9020626   0.27242386 -0.3280394 ]
[-0.89746046  0.26939404 -0.33077073]
[-0.8928681  0.2663952 -0.3334701]
[-0.8882852   0.26342607 -0.33613765]
[-0.8837115   0.26048613 -0.33877492]
[-0.87914693  0.25757456 -0.34138238]
[-0.874591    0.25469053 -0.34396112]
[-0.87004334  0.25183296 -0.34651148]
[-0.86550385  0.2490015  -0.3490343 ]
[-0.86097234  0.24619532 -0.3515309 ]
[-0.85644835  0.24341369 -0.3540014 ]
[-0.8519316   0.24065566 -0.35644662]
[-0.8474218   0.23792112 -0.3588674 ]
[-0.8429188   0.23520875 -0.361264  ]
[-0.83842224  0.23251843 -0.36363745]
[-0.83393186  0.22984922 -0.36598837]
[-0.8294474   0.22720098 -0.368317  ]
[-0.8249683   0.22457266 -0.3706243 ]
[-0.82049465  0.22196388 -0.37291062]
[-0.816026    0.21937394 -0.37517643]
[-0.8115619   0.21680236 -0.37742257]
[-0.80710214  0.2142489  -0.37964916]
[-0.80264664  0.2117126  -0.38185716]
[-0.7981949   0.20919335 -0.38404667]
[-0.7937467   0.20669043 -0.38621843]
[-0.7893017   0.20420349 -0.38837278]
[-0.78485954  0.20173204 -0.39050996]
[-0.78042006  0.1992755  -0.39263093]
[-0.77598286  0.19683337 -0.39473557]
[-0.7715476   0.1944058  -0.39682448]
[-0.7671141   0.1919918  -0.39889824]
[-0.762682    0.18959093 -0.40095723]
[-0.75825113  0.1872034  -0.40300155]
[-0.75382096  0.18482828 -0.4050318 ]
[-0.7493912   0.18246531 -0.40704823]
[-0.74496174  0.18011415 -0.4090513 ]
[-0.7405322   0.17777467 -0.41104126]
[-0.7361023   0.17544603 -0.41301835]
[-0.73167163  0.17312837 -0.41498303]
[-0.72724     0.17082119 -0.41693568]
[-0.72280705  0.16852415 -0.4188764 ]
[-0.7183725   0.166237   -0.42080557]
[-0.71393603  0.16395938 -0.42272365]
[-0.7094974   0.16169095 -0.4246304 ]
[-0.7050563   0.15943158 -0.42652678]
[-0.70061237  0.1571809  -0.42841268]
[-0.6961653   0.15493846 -0.4302883 ]
[-0.69171494  0.15270436 -0.43215406]
[-0.68726075  0.15047824 -0.4340099 ]
[-0.68280256  0.14825964 -0.43585646]
[-0.67834014  0.14604819 -0.43769407]
[-0.6738731   0.14384425 -0.4395225 ]
[-0.66940105  0.14164698 -0.441342  ]
[-0.6649239   0.13945627 -0.44315302]
[-0.6604411   0.13727212 -0.44495547]
[-0.6559526   0.13509429 -0.44675004]
[-0.6514579   0.13292241 -0.44853663]
[-0.64695686  0.13075638 -0.45031512]
[-0.64244896  0.12859583 -0.4520862 ]
[-0.63793415  0.12644088 -0.4538498 ]
[-0.633412    0.12429106 -0.45560598]
[-0.6288822   0.12214637 -0.45735514]
[-0.6243446   0.12000656 -0.4590975 ]
[-0.6197985   0.11787117 -0.46083283]
[-0.615244    0.11574042 -0.4625615 ]
[-0.6106807   0.11361432 -0.46428382]
[-0.6061082   0.11149204 -0.46599972]
[-0.60152626  0.10937357 -0.46770942]
[-0.59693456  0.10725951 -0.4694128 ]
[-0.59233284  0.10514891 -0.47111046]
[-0.5877207   0.10304201 -0.47280216]
[-0.583098    0.1009382  -0.47448814]
[-0.57846427  0.09883797 -0.4761685 ]
[-0.5738193   0.09674084 -0.47784317]
[-0.56916267  0.09464693 -0.4795128 ]
[-0.56449425  0.09255576 -0.48117673]
[-0.55981356  0.09046733 -0.48283565]
[-0.5551204   0.08838177 -0.48448944]
[-0.5504144   0.08629882 -0.486138  ]
[-0.54569536  0.08421791 -0.48778164]
[-0.54096276  0.08213973 -0.48942053]
[-0.53621656  0.08006382 -0.49105442]
[-0.5314563   0.07799006 -0.49268365]
[-0.5266816   0.07591832 -0.4943081 ]
[-0.52189237  0.07384884 -0.4959278 ]
[-0.51708806  0.0717808  -0.49754322]
[-0.5122686   0.06971502 -0.49915397]
[-0.5074335   0.06765103 -0.5007603 ]
[-0.5025824   0.06558836 -0.50236213]
[-0.4977152   0.0635277  -0.50395954]
[-0.49283144  0.06146848 -0.50555265]
[-0.4879308   0.05941117 -0.5071416 ]
[-0.48301306  0.05735469 -0.508726  ]
[-0.47807792  0.05530012 -0.51030624]
[-0.4731249   0.05324674 -0.5118823 ]
[-0.46815383  0.05119479 -0.51345384]
[-0.4631643   0.04914403 -0.5150213 ]
[-0.4581561  0.0470947 -0.5165845]
[-0.4531289   0.04504645 -0.51814365]
[-0.44808242  0.04299963 -0.5196984 ]
[-0.44301614  0.04095387 -0.52124906]
[-0.43793     0.03890955 -0.5227952 ]
[-0.43282342  0.03686655 -0.52433705]
[-0.42769635  0.03482449 -0.52587485]
[-0.42254835  0.03278387 -0.52740824]
[-0.4173791   0.03074431 -0.5289372 ]
[-0.4121883   0.02870619 -0.5304618 ]
[-0.4069756   0.02666926 -0.53198195]
[-0.4017407   0.02463377 -0.5334976 ]
[-0.39648336  0.02259958 -0.53500867]
[-0.39120317  0.02056694 -0.536515  ]
[-0.3858998   0.01853561 -0.5380169 ]
[-0.380573    0.0165056  -0.53951406]
[-0.37522244  0.01447725 -0.5410062 ]
[-0.36984783  0.0124507  -0.5424937 ]
[-0.3644488   0.01042557 -0.54397607]
[-0.35902503  0.00840259 -0.5454534 ]
[-0.3535762   0.00638115 -0.54692554]
[-0.34810206  0.00436163 -0.5483922 ]
[-0.34260225  0.00234425 -0.5498538 ]
[-3.3707649e-01  3.2901764e-04 -5.5130982e-01]
[-0.3315244  -0.00168395 -0.55276   ]
[-0.3259458  -0.00369442 -0.5542046 ]
[-0.32034022 -0.00570261 -0.5556431 ]
[-0.31470737 -0.00770772 -0.55707586]
[-0.30904704 -0.00971067 -0.5585021 ]
[-0.30335888 -0.01171017 -0.5599222 ]
[-0.29764253 -0.01370668 -0.5613357 ]
[-0.2918977  -0.01569986 -0.5627425 ]
[-0.28612423 -0.01768959 -0.56414235]
[-0.2803216  -0.01967549 -0.5655352 ]
[-0.27448955 -0.02165794 -0.5669209 ]
[-0.26862797 -0.0236361  -0.5682988 ]
[-0.2627363  -0.02560973 -0.56966925]
[-0.25681436 -0.02757907 -0.5710317 ]
[-0.2508619  -0.02954364 -0.5723858 ]
[-0.24487853 -0.03150308 -0.5737318 ]
[-0.23886405 -0.0334574  -0.57506907]
[-0.23281811 -0.03540611 -0.57639754]
[-0.22674038 -0.03734887 -0.5777166 ]
[-0.2206307  -0.03928566 -0.57902634]
[-0.21448864 -0.04121566 -0.5803263 ]
[-0.20831403 -0.04313934 -0.5816163 ]
[-0.2021065  -0.04505587 -0.58289576]
[-0.19586585 -0.04696465 -0.58416474]
[-0.18959178 -0.04886568 -0.5854225 ]
[-0.18328395 -0.05075872 -0.58666885]
[-0.17694218 -0.05264294 -0.58790386]
[-0.1705662  -0.05451846 -0.58912647]
[-0.1641557  -0.05638444 -0.59033656]
[-0.1577104  -0.05824053 -0.59153414]
[-0.15123013 -0.06008661 -0.5927181 ]
[-0.14471461 -0.0619216  -0.5938884 ]
[-0.13816357 -0.0637455  -0.5950444 ]
[-0.13157675 -0.06555784 -0.5961863 ]
[-0.12495396 -0.06735766 -0.5973127 ]
[-0.11829493 -0.06914473 -0.59842396]
[-0.11159939 -0.07091856 -0.599519  ]
[-0.10486718 -0.07267845 -0.6005975 ]
[-0.09809803 -0.07442403 -0.60165906]
[-0.09129176 -0.07615435 -0.602703  ]
[-0.08444811 -0.07786918 -0.6037289 ]
[-0.07756691 -0.07956755 -0.6047361 ]
[-0.07064793 -0.08124888 -0.6057241 ]
[-0.06369098 -0.08291268 -0.6066921 ]
[-0.05669582 -0.08455789 -0.6076397 ]
[-0.04966234 -0.08618438 -0.60856605]
[-0.04259032 -0.08779049 -0.60947096]
[-0.03547952 -0.08937633 -0.610353  ]
[-0.02832985 -0.09094048 -0.611212  ]
[-0.02114112 -0.09248257 -0.6120473 ]
[-0.01391318 -0.09400153 -0.6128578 ]
[-0.00664581 -0.09549665 -0.61364317]
[ 0.00066111 -0.09696674 -0.6144024 ]
[ 0.0080077  -0.09841144 -0.6151346 ]
[ 0.01539413 -0.09982896 -0.61583924]
[ 0.02282051 -0.10121918 -0.61651516]
[ 0.03028697 -0.10258067 -0.61716187]
[ 0.03779367 -0.10391259 -0.61777806]
[ 0.04534066 -0.10521376 -0.61836326]
[ 0.05292816 -0.10648298 -0.6189163 ]
[ 0.06055616 -0.10771942 -0.61943626]
[ 0.0682248  -0.10892189 -0.61992216]
[ 0.07593416 -0.11008918 -0.6203729 ]
[ 0.08368438 -0.11122024 -0.62078774]
[ 0.0914755  -0.11231339 -0.6211655 ]
[ 0.09930758 -0.1133678  -0.6215049 ]
[ 0.1071807  -0.11438227 -0.62180495]
[ 0.11509499 -0.11535501 -0.6220647 ]
[ 0.12305036 -0.1162852  -0.6222825 ]
[ 0.13104698 -0.11717105 -0.62245786]
[ 0.13908486 -0.11801147 -0.6225889 ]
[ 0.14716409 -0.11880469 -0.6226748 ]
[ 0.15528461 -0.11954951 -0.6227139 ]
[ 0.16344652 -0.12024426 -0.6227052 ]
[ 0.17164974 -0.12088716 -0.6226473 ]
[ 0.17989446 -0.12147689 -0.6225388 ]
[ 0.1881806 -0.1220119 -0.6223781]
[ 0.19650811 -0.12249029 -0.622164  ]
[ 0.20487705 -0.12291038 -0.62189496]
[ 0.21328747 -0.12327039 -0.6215695 ]
[ 0.22173929 -0.12356865 -0.6211858 ]
[ 0.23023255 -0.12380326 -0.62074256]
[ 0.23876719 -0.12397242 -0.62023795]
[ 0.24734326 -0.12407386 -0.6196705 ]
[ 0.25596073 -0.12410605 -0.6190381 ]
[ 0.26461956 -0.12406683 -0.61833954]
[ 0.27331966 -0.12395406 -0.61757255]
[ 0.2820611  -0.12376559 -0.6167356 ]
[ 0.29084378 -0.12349904 -0.6158266 ]
[ 0.29966784 -0.12315297 -0.6148437 ]
[ 0.30853292 -0.12272441 -0.613785  ]
[ 0.31743935 -0.12221146 -0.61264837]
[ 0.3263868  -0.1216116  -0.61143184]
[ 0.3353755  -0.12092209 -0.61013305]
[ 0.34440517 -0.12014103 -0.6087501 ]
[ 0.35347596 -0.11926556 -0.60728073]
[ 0.36258775 -0.1182934  -0.6057224 ]
[ 0.37174046 -0.11722159 -0.60407305]
[ 0.3809342 -0.1160475 -0.6023303]
[ 0.39016885 -0.11476839 -0.6004915 ]
[ 0.39944443 -0.11338139 -0.5985544 ]
[ 0.40876082 -0.11188364 -0.596516  ]
[ 0.4181181  -0.11027229 -0.59437406]
[ 0.4275162  -0.10854435 -0.59212554]
[ 0.43695506 -0.10669637 -0.58976805]
[ 0.44643474 -0.10472536 -0.5872984 ]
[ 0.45595512 -0.10262811 -0.5847137 ]
[ 0.46551633 -0.10040128 -0.58201134]
[ 0.47511834 -0.09804153 -0.57918775]
[ 0.4847611  -0.09554517 -0.57624006]
[ 0.49444452 -0.09290886 -0.5731648 ]
[ 0.5041688  -0.0901289  -0.56995904]
[ 0.51393384 -0.0872016  -0.56661916]
[ 0.5237397  -0.08412254 -0.5631417 ]
[ 0.5335863  -0.08088863 -0.559523  ]
[ 0.54347384 -0.0774951  -0.55575943]
[ 0.5534022  -0.07393837 -0.55184734]
[ 0.5633714  -0.07021403 -0.54778254]
[ 0.5733816  -0.06631744 -0.5435612 ]
[ 0.58343273 -0.06224453 -0.5391793 ]
[ 0.59352493 -0.05799067 -0.5346328 ]
[ 0.603658   -0.05355084 -0.5299169 ]
[ 0.61383235 -0.04892063 -0.52502763]
[ 0.6240477  -0.04409456 -0.51996017]
[ 0.63430417 -0.0390681  -0.51470983]
[ 0.64460194 -0.03383565 -0.50927174]
[ 0.65494096 -0.0283922  -0.503641  ]
[ 0.6653211  -0.02273178 -0.49781275]
[ 0.6757426  -0.01684928 -0.49178135]
[ 0.6862054  -0.01073825 -0.48554146]
[ 0.6967096  -0.00439334 -0.47908783]
[ 0.7072549   0.0021919  -0.47241473]
[ 0.7178416   0.0090239  -0.46551573]
[ 0.7284695   0.01610851 -0.45838547]
[ 0.7391387  0.023453  -0.4510175]
[ 0.7498488   0.03106403 -0.4434055 ]
[ 0.7606      0.03894866 -0.43554282]
[ 0.7713919   0.0471139  -0.42742264]
[ 0.78222466  0.05556715 -0.4190383 ]
[ 0.79309785  0.06431603 -0.41038263]
[ 0.80401117  0.07336855 -0.40144813]
[ 0.8149646   0.08273268 -0.39222753]
[ 0.8259575   0.09241617 -0.38271284]
[ 0.8369895   0.10242796 -0.37289655]
[ 0.84806025  0.1127764  -0.36277044]
[ 0.85916924  0.12347043 -0.35232615]
[ 0.87031555  0.13451886 -0.34155524]
[ 0.88149875  0.14593124 -0.330449  ]
[ 0.8927179   0.15771699 -0.31899858]
[ 0.9039721   0.16988552 -0.3071947 ]
[ 0.91526026  0.1824472  -0.2950282 ]
[ 0.9265813  0.1954118 -0.2824899]
[ 0.9379338   0.20878911 -0.26956964]
[ 0.9493165   0.22259033 -0.256258  ]
[ 0.9607275   0.23682594 -0.24254489]
[ 0.97216517  0.25150633 -0.22842026]
[ 0.98362756  0.2666427  -0.21387374]
[ 0.9951123   0.28224587 -0.19889522]
[ 1.006617    0.29832685 -0.18347406]
[ 1.0181394   0.31489718 -0.16759992]
[ 1.0296758   0.33196807 -0.15126204]
[ 1.0412238   0.3495505  -0.13445032]
[ 1.0527793   0.36765575 -0.117154  ]
[ 1.064339    0.38629472 -0.09936261]
[ 1.0758984   0.40547884 -0.08106625]
[ 1.087453    0.4252187  -0.06225443]
[ 1.0989982   0.44552505 -0.04291731]
[ 1.1105286   0.4664079  -0.02304536]
[ 1.1220384   0.48787773 -0.00262952]
[1.1335214  0.50994337 0.01833922]
[1.1449713  0.53261423 0.03986913]
[1.1563809  0.55589867 0.06196779]
[1.1677426  0.5798041  0.08464229]
[1.1790482  0.60433763 0.10789871]
[1.1902891  0.62950486 0.13174254]
[1.2014564  0.6553109  0.15617794]
[1.21254    0.6817595  0.18120825]
[1.2235298  0.70885295 0.20683545]
[1.234415   0.73659223 0.23305994]
[1.2451841 0.7649771 0.2598812]
[1.2558249  0.79400504 0.2872966 ]
[1.2663252  0.8236723  0.31530172]
[1.2766716  0.85397273 0.3438906 ]
[1.2868507 0.8848982 0.3730554]
[1.2968483  0.91643834 0.4027856 ]
[1.30665    0.9485808  0.43306893]
[1.3162407  0.9813103  0.46389067]
[1.3256054 1.0146093 0.4952338]
[1.3347281 1.0484576 0.5270785]
[1.3435936 1.0828321 0.5594028]
[1.3521855 1.117707  0.5921819]
[1.3604883 1.1530545 0.6253884]
[1.368486  1.1888428 0.6589925]
[1.3761629 1.2250382 0.6929618]
[1.3835036 1.2616043 0.7272614]
[1.3904928  1.2985016  0.76185393]
[1.3971161 1.3356888 0.7967001]
[1.4033599  1.3731221  0.83175814]
[1.4092104 1.4107558 0.8669847]
[1.414656  1.4485416 0.9023347]
[1.4196846 1.4864308 0.9377615]
[1.4242865 1.5243723 0.9732175]
[1.4284521 1.5623146 1.0086541]
[1.4321737 1.6002052 1.0440226]
[1.435445  1.6379917 1.0792732]
[1.4382607 1.6756212 1.1143571]
[1.440617  1.7130412 1.1492256]
[1.442512  1.7502006 1.1838309]
[1.443945  1.7870483 1.2181262]
[1.444917  1.8235356 1.252066 ]
[1.4454303 1.859615  1.2856071]
[1.4454889 1.8952409 1.3187076]
[1.445098  1.9303706 1.3513284]
[1.4442648 1.9649634 1.3834326]
[1.4429967 1.9989815 1.414986 ]
[1.4413037 2.03239   1.4459571]
[1.4391962 2.0651577 1.4763174]
[1.4366857 2.0972557 1.5060418]
[1.4337846 2.1286588 1.5351073]
[1.4305063 2.159345  1.5634947]
[1.4268652 2.1892953 1.591188 ]
[1.4228759 2.2184947 1.6181734]
[1.4185536 2.2469306 1.6444407]
[1.4139141 2.2745943 1.6699824]
[1.4089732 2.301479  1.6947935]
[1.4037474 2.327582  1.7188718]
[1.3982525 2.3529024 1.7422173]
[1.3925052 2.377442  1.7648325]
[1.3865213 2.401205  1.7867224]
[1.380317  2.4241986 1.8078928]
[1.373908  2.4464304 1.8283525]
[1.3673099 2.4679112 1.848111 ]
[1.3605379 2.4886527 1.8671803]
[1.3536065 2.5086684 1.8855723]
[1.3465303 2.527973  1.9033015]
[1.3393229 2.5465822 1.9203821]
[1.3319975 2.5645123 1.9368298]
[1.3245674 2.5817811 1.9526608]
[1.3170444 2.5984068 1.9678919]
[1.3094403 2.6144073 1.9825402]
[1.3017664 2.629802  1.9966235]
[1.2940332 2.64461   2.010159 ]
[1.2862506 2.6588502 2.0231652]
[1.2784283 2.6725426 2.0356593]
[1.270575  2.6857057 2.0476599]
[1.2626994 2.698359  2.0591836]
[1.2548091 2.7105217 2.0702488]
[1.2469116 2.7222118 2.0808725]
[1.2390137 2.7334478 2.091072 ]
[1.2311217 2.744248  2.1008635]
[1.2232414 2.7546296 2.1102636]
[1.2153788 2.7646103 2.119288 ]
[1.2075384 2.7742062 2.1279526]
[1.1997249 2.783434  2.1362727]
[1.191943  2.7923093 2.1442623]
[1.1841961 2.800847  2.1519363]
[1.1764879 2.8090625 2.159308 ]
[1.1688217 2.8169696 2.166391 ]
[1.1612    2.824582  2.1731982]
[1.153626  2.831913  2.1797419]
[1.1461012 2.8389754 2.1860337]
[1.1386284 2.8457813 2.1920853]
[1.1312091 2.8523424 2.197908 ]
[1.1238449 2.8586698 2.2035122]
[1.1165371 2.8647742 2.2089076]
[1.1092868 2.8706665 2.2141047]
[1.1020951 2.8763561 2.2191124]
[1.0949626 2.8818524 2.2239397]
[1.0878901 2.8871646 2.2285948]
[1.080878  2.8923013 2.2330866]
[1.0739268 2.8972707 2.2374222]
[1.0670363 2.9020808 2.2416096]
[1.0602069 2.9067388 2.245655 ]
[1.0534384 2.911252  2.2495663]
[1.0467308 2.9156275 2.2533493]
[1.0400839 2.9198713 2.2570105]
[1.0334972 2.9239898 2.2605553]
[1.0269705 2.927989  2.26399  ]
[1.0205033 2.9318748 2.2673192]
[1.014095  2.9356518 2.2705483]
[1.0077449 2.9393258 2.2736824]
[1.0014527 2.9429014 2.2767258]
[0.99521756 2.946383   2.279683  ]
[0.9890387 2.9497757 2.282558 ]
[0.9829154 2.953083  2.2853553]
[0.9768468 2.956309  2.2880783]
[0.97083235 2.9594584  2.2907305 ]
[0.9648708 2.962534  2.2933156]
[0.9589616 2.965539  2.295837 ]
[0.9531036 2.9684777 2.2982974]
[0.94729614 2.9713526  2.3007    ]
[0.9415383 2.9741666 2.3030477]
[0.93582875 2.976923   2.305343  ]
[0.9301669 2.9796243 2.3075886]
[0.9245518 2.982273  2.3097868]
[0.91898227 2.9848716  2.3119407 ]
[0.91345763 2.987423   2.3140512 ]
[0.9079766 2.9899287 2.316121 ]
[0.9025384 2.9923913 2.318153 ]
[0.89714223 2.9948125  2.3201478 ]
[0.89178675 2.997195   2.3221078 ]
[0.88647115 2.99954    2.3240347 ]
[0.8811948 3.0018497 2.32593  ]
[0.87595606 3.004125   2.327796  ]
[0.8707546 3.0063686 2.3296332]
[0.86558926 3.0085816  2.3314438 ]
[0.86045897 3.0107656  2.3332288 ]
[0.8553631 3.0129218 2.3349898]
[0.8503004 3.0150518 2.3367276]
[0.8452702 3.0171568 2.338444 ]
[0.8402715 3.019238  2.3401399]
[0.8353033 3.021297  2.341816 ]
[0.830365  3.0233343 2.3434741]
[0.82545537 3.0253515  2.3451147 ]
[0.8205738 3.02735   2.346739 ]
[0.81571925 3.0293298  2.3483477 ]
[0.81089115 3.0312924  2.349942  ]
[0.80608815 3.0332386  2.3515224 ]
[0.8013099 3.0351698 2.3530903]
[0.7965554 3.0370865 2.3546455]
[0.79182374 3.0389895  2.3561897 ]
[0.78711426 3.0408797  2.357723  ]
[0.7824261 3.042758  2.3592463]
[0.7777585 3.0446246 2.3607605]
[0.77311075 3.0464807  2.3622658 ]
[0.7684819 3.0483267 2.363763 ]
[0.7638713 3.0501635 2.365253 ]
[0.75927824 3.0519917  2.366736  ]
[0.7547019 3.0538118 2.3682122]
[0.7501416 3.0556245 2.3696833]
[0.7455966 3.0574303 2.3711483]
[0.7410661 3.0592299 2.3726091]
[0.73654956 3.0610232  2.374065  ]
[0.7320461 3.0628119 2.3755174]
[0.7275553 3.0645957 2.376966 ]
[0.7230761 3.0663748 2.3784118]
[0.7186081 3.0681508 2.3798547]
[0.71415055 3.069923   2.3812957 ]
[0.7097028 3.0716922 2.3827348]
[0.7052641 3.0734591 2.3841724]
[0.700834  3.075224  2.3856087]
[0.69641167 3.0769873  2.3870444 ]
[0.6919966 3.078749  2.3884797]
[0.6875881 3.08051   2.389915 ]
[0.6831855 3.0822704 2.39135  ]
[0.6787884 3.0840306 2.392786 ]
[0.6743959 3.085791  2.3942227]
[0.6700076 3.087552  2.3956609]
[0.6656229 3.089314  2.3971   ]
[0.661241  3.091077  2.3985412]
[0.6568615 3.0928416 2.3999844]
[0.65248376 3.0946078  2.4014297 ]
[0.64810723 3.0963764  2.4028773 ]
[0.6437313 3.0981474 2.4043279]
[0.6393554 3.0999212 2.4057815]
[0.63497895 3.101698   2.4072385 ]
[0.63060147 3.1034775  2.4086988 ]
[0.62622243 3.105261   2.410163  ]
[0.6218411 3.1070485 2.411631 ]
[0.6174571 3.1088398 2.4131036]
[0.61306965 3.1106355  2.41458   ]
[0.6086784 3.1124358 2.4160614]
[0.6042829 3.1142411 2.4175477]
[0.5998825 3.1160512 2.419039 ]
[0.59547657 3.1178668  2.4205356 ]
[0.59106475 3.1196878  2.4220376 ]
[0.5866464 3.1215148 2.4235451]
[0.58222103 3.1233475  2.4250588 ]
[0.57778805 3.1251864  2.4265785 ]
[0.57334715 3.1270323  2.4281044 ]
[0.56889755 3.1288843  2.4296365 ]
[0.564439  3.1307435 2.4311752]
[0.5599707 3.1326096 2.4327211]
[0.55549246 3.134483   2.434274  ]
[0.55100346 3.136364   2.435834  ]
[0.5465034 3.1382527 2.4374008]
[0.5419918 3.140149  2.4389753]
[0.53746796 3.1420536  2.440558  ]
[0.5329315 3.1439667 2.4421477]
[0.52838194 3.1458879  2.4437459 ]
[0.5238188 3.1478176 2.445352 ]
[0.5192415 3.1497562 2.4469664]
[0.5146497 3.1517038 2.4485893]
[0.5100427 3.1536608 2.450221 ]
[0.50542027 3.1556268  2.4518614 ]
[0.50078166 3.1576023  2.4535108 ]
[0.49612662 3.1595879  2.4551687 ]
[0.4914545 3.1615825 2.4568362]
[0.48676488 3.1635876  2.4585128 ]
[0.48205724 3.1656024  2.4601994 ]
[0.47733113 3.1676278  2.461895  ]
[0.47258613 3.1696634  2.4636002 ]
[0.46782175 3.1717095  2.4653158 ]
[0.4630374 3.1737661 2.467041 ]
[0.45823282 3.1758337  2.4687762 ]
[0.45340732 3.1779122  2.4705217 ]
[0.44856066 3.1800015  2.4722776 ]
[0.44369215 3.1821022  2.4740438 ]
[0.43880156 3.1842139  2.4758205 ]
[0.4338883 3.186337  2.4776077]
[0.4289519 3.1884713 2.4794059]
[0.42399192 3.1906173  2.4812145 ]
[0.41900796 3.1927748  2.4830344 ]
[0.41399956 3.194944   2.4848647 ]
[0.4089662 3.197125  2.4867065]
[0.4039076 3.1993175 2.4885592]
[0.39882323 3.2015224  2.4904227 ]
[0.39371267 3.2037387  2.4922981 ]
[0.38857543 3.2059674  2.4941843 ]
[0.38341117 3.2082074  2.4960818 ]
[0.37821943 3.2104597  2.4979906 ]
[0.37299985 3.2127242  2.499911  ]
[0.36775196 3.2150006  2.5018427 ]
[0.36247534 3.2172892  2.5037858 ]
[0.3571696 3.2195897 2.5057404]
[0.35183448 3.221902   2.5077062 ]
[0.3464694 3.2242265 2.5096836]
[0.3410741 3.226563  2.5116725]
[0.33564818 3.228911   2.5136724 ]
[0.33019125 3.2312713  2.5156837 ]
[0.32470295 3.2336426  2.5177064 ]
[0.31918287 3.2360258  2.51974   ]
[0.3136308 3.2384205 2.5217853]
[0.3080463 3.2408266 2.5238414]
[0.30242908 3.2432442  2.5259085 ]
[0.29677877 3.2456727  2.5279863 ]
[0.2910951 3.2481122 2.5300748]
[0.2853777 3.2505622 2.532174 ]
[0.27962637 3.253023   2.5342839 ]
[0.27384076 3.2554939  2.536404  ]
[0.26802066 3.257975   2.5385342 ]
[0.26216578 3.260466   2.5406742 ]
[0.25627583 3.2629666  2.5428243 ]
[0.25035062 3.265477   2.5449834 ]
[0.24438988 3.2679958  2.5471525 ]
[0.23839344 3.2705235  2.5493302 ]
[0.23236112 3.2730596  2.5515168 ]
[0.22629267 3.2756038  2.553712  ]
[0.22018795 3.2781553  2.5559154 ]
[0.21404685 3.280714   2.5581262 ]
[0.20786913 3.2832797  2.5603447 ]
[0.20165476 3.2858512  2.5625708 ]
[0.1954036 3.288429  2.5648031]
[0.1891155 3.2910118 2.5670424]
[0.18279046 3.2935996  2.569287  ]
[0.17642839 3.2961917  2.5715375 ]
[0.17002927 3.2987876  2.573793  ]
[0.16359304 3.3013864  2.5760531 ]
[0.15711974 3.3039875  2.5783172 ]
[0.15060934 3.3065906  2.5805845 ]
[0.14406191 3.3091946  2.5828547 ]
[0.13747752 3.3117988  2.5851276 ]
[0.13085619 3.3144026  2.587402  ]
[0.12419805 3.3170056  2.5896778 ]
[0.11750323 3.3196065  2.5919538 ]
[0.11077189 3.3222046  2.5942295 ]
[0.10400409 3.324799   2.5965042 ]
[0.09720013 3.3273892  2.5987773 ]
[0.09036015 3.329974   2.6010475 ]
[0.08348439 3.332552   2.6033149 ]
[0.07657312 3.335123   2.605578  ]
[0.06962661 3.3376856  2.6078365 ]
[0.06264509 3.3402388  2.6100886 ]
[0.05562897 3.3427815  2.6123343 ]
[0.04857858 3.3453126  2.6145723 ]
[0.0414942 3.3478312 2.6168017]
[0.03437635 3.350336   2.6190214 ]
[0.02722533 3.3528256  2.6212306 ]
[0.02004162 3.3552992  2.623428  ]
[0.0128257 3.3577557 2.6256127]
[0.00557801 3.3601928  2.6277838 ]
[-1.7009545e-03  3.3626103e+00  2.6299400e+00]
[-0.00901061  3.3650064   2.63208   ]
[-0.01635042  3.36738     2.634203  ]
[-0.02371985  3.3697295   2.636307  ]
[-0.03111831  3.3720536   2.638392  ]
[-0.03854516  3.374351    2.6404557 ]
[-0.04599976  3.3766198   2.6424975 ]
[-0.0534815  3.378859   2.6445158]
[-0.06098962  3.3810673   2.6465092 ]
[-0.06852355  3.3832426   2.648477  ]
[-0.07608248  3.3853836   2.6504173 ]
[-0.08366574  3.3874893   2.6523285 ]
[-0.09127259  3.389557    2.6542096 ]
[-0.09890226  3.3915863   2.6560595 ]
[-0.10655395  3.3935752   2.6578765 ]
[-0.11422694  3.395522    2.6596587 ]
[-0.12192038  3.3974252   2.6614053 ]
[-0.12963346  3.399283    2.6631145 ]
[-0.13736534  3.4010937   2.6647851 ]
[-0.14511523  3.4028559   2.6664157 ]
[-0.1528823  3.4045682  2.668004 ]
[-0.16066562  3.4062285   2.6695497 ]
[-0.16846444  3.4078355   2.6710505 ]
[-0.17627785  3.4093876   2.672505  ]
[-0.18410498  3.4108825   2.6739116 ]
[-0.19194497  3.4123192   2.6752691 ]
[-0.19979699  3.413696    2.6765757 ]
[-0.2076601  3.415011   2.6778302]
[-0.2155335  3.4162629  2.679031 ]
[-0.22341628  3.41745     2.6801763 ]
[-0.23130761  3.41857     2.6812649 ]
[-0.23920661  3.4196224   2.6822953 ]
[-0.24711247  3.4206047   2.6832652 ]
[-0.2550243  3.4215164  2.6841745]
[-0.26294127  3.4223547   2.685021  ]
[-0.27086264  3.423119    2.685803  ]
[-0.27878743  3.4238071   2.6865191 ]
[-0.28671494  3.424418    2.6871681 ]
[-0.29464445  3.4249496   2.6877487 ]
[-0.30257508  3.4254012   2.688259  ]
[-0.31050614  3.4257708   2.6886978 ]
[-0.3184368  3.4260569  2.6890638]
[-0.32636645  3.4262586   2.6893554 ]
[-0.3342943  3.426374   2.6895716]
[-0.3422197  3.4264019  2.6897106]
[-0.35014197  3.426341    2.6897714 ]
[-0.35806054  3.42619     2.6897523 ]
[-0.36597463  3.4259472   2.6896524 ]
[-0.3738838  3.425612   2.68947  ]
[-0.38178745  3.4251828   2.6892047 ]
[-0.389685   3.4246578  2.688854 ]
[-0.39757597  3.4240367   2.6884174 ]
[-0.40545973  3.423318    2.6878939 ]
[-0.41333595  3.4225001   2.6872816 ]
[-0.42120412  3.421583    2.6865797 ]
[-0.4290639  3.4205642  2.6857877]
[-0.43691483  3.4194434   2.6849034 ]
[-0.44475654  3.418219    2.683926  ]
[-0.4525887  3.4168906  2.6828547]
[-0.4604111  3.4154565  2.6816878]
[-0.46822333  3.413916    2.680425  ]
[-0.4760252  3.4122682  2.6790648]
[-0.48381653  3.410512    2.677606  ]
[-0.49159712  3.408646    2.6760478 ]
[-0.49936667  3.4066699   2.674389  ]
[-0.50712526  3.4045823   2.6726286 ]
[-0.5148726  3.4023824  2.6707659]
[-0.5226087  3.4000692  2.6687996]
[-0.5303336  3.3976417  2.666729 ]
[-0.53804696  3.3950992   2.6645525 ]
[-0.54574907  3.3924408   2.6622698 ]
[-0.55343986  3.3896651   2.6598794 ]
[-0.56111944  3.3867714   2.657381  ]
[-0.56878775  3.3837593   2.6547728 ]
[-0.57644504  3.3806274   2.652054  ]
[-0.58409137  3.377375    2.6492243 ]
[-0.5917268  3.374001   2.6462822]
[-0.59935164  3.3705041   2.6432266 ]
[-0.6069661  3.3668845  2.6400566]
[-0.6145703  3.36314    2.6367712]
[-0.62216455  3.3592708   2.63337   ]
[-0.629749   3.3552752  2.6298509]
[-0.63732404  3.3511522   2.6262136 ]
[-0.6448899  3.346901   2.6224568]
[-0.6524469  3.3425207  2.6185799]
[-0.6599953  3.3380103  2.614581 ]
[-0.6675356  3.3333683  2.6104596]
[-0.675068   3.3285944  2.6062148]
[-0.682593   3.323687   2.6018448]
[-0.69011086  3.318645    2.5973487 ]
[-0.69762206  3.3134675   2.5927255 ]
[-0.7051269  3.308153   2.587974 ]
[-0.71262586  3.3027005   2.583093  ]
[-0.72011936  3.2971087   2.5780807 ]
[-0.7276077  3.291377   2.572937 ]
[-0.73509157  3.2855034   2.5676594 ]
[-0.7425712  3.279487   2.5622473]
[-0.75004697  3.273326    2.556699  ]
[-0.7575194  3.267019   2.5510132]
[-0.764989   3.2605653  2.5451882]
[-0.77245605  3.253963    2.5392232 ]
[-0.7799211  3.2472105  2.5331159]
[-0.78738457  3.2403064   2.5268652 ]
[-0.79484683  3.2332494   2.5204697 ]
[-0.8023084  3.2260375  2.5139275]
[-0.8097694  3.2186694  2.5072365]
[-0.8172306  3.2111433  2.5003963]
[-0.8246921  3.2034574  2.493404 ]
[-0.8321544  3.19561    2.4862583]
[-0.8396177  3.1875997  2.4789574]
[-0.8470827  3.179424   2.4714994]
[-0.85454935  3.1710815   2.4638824 ]
[-0.862018   3.16257    2.4561048]
[-0.8694891  3.1538882  2.448164 ]
[-0.8769626  3.1450334  2.4400582]
[-0.88443893  3.136004    2.4317863 ]
[-0.89191824  3.1267972   2.423345  ]
[-0.8994008  3.1174123  2.4147327]
[-0.9068865  3.1078463  2.4059472]
[-0.91437554  3.098097    2.3969867 ]
[-0.9218679  3.0881627  2.3878489]
[-0.9293638  3.078041   2.378531 ]
[-0.93686306  3.0677295   2.3690312 ]
[-0.9443655  3.0572262  2.3593473]
[-0.95187116  3.0465288   2.349477  ]
[-0.95937973  3.0356352   2.339418  ]
[-0.966891   3.0245428  2.3291676]
[-0.9744049  3.0132499  2.3187237]
[-0.98192066  3.0017533   2.3080845 ]
[-0.98943824  2.9900517   2.2972472 ]
[-0.9969568  2.9781423  2.286209 ]
[-1.0044762  2.966023   2.2749681]
[-1.0119957  2.9536915  2.2635221]
[-1.0195144  2.9411454  2.2518687]
[-1.0270318  2.9283829  2.2400055]
[-1.034547   2.9154017  2.2279305]
[-1.0420588  2.9021993  2.2156405]
[-1.0495665  2.8887744  2.203135 ]
[-1.0570688  2.8751245  2.1904101]
[-1.0645647  2.8612475  2.1774647]
[-1.072053   2.8471422  2.1642964]
[-1.0795318  2.832806   2.1509035]
[-1.0870003  2.8182375  2.1372838]
[-1.0944563  2.8034353  2.1234355]
[-1.1018987  2.7883978  2.1093569]
[-1.1093249  2.7731235  2.0950465]
[-1.1167339  2.7576113  2.080503 ]
[-1.1241232  2.74186    2.0657248]
[-1.131491   2.7258687  2.0507102]
[-1.1388346  2.7096362  2.0354588]
[-1.146152   2.6931624  2.0199692]
[-1.1534407  2.676447   2.0042408]
[-1.160698   2.6594887  1.9882729]
[-1.1679213  2.6422884  1.9720652]
[-1.1751078  2.624846   1.9556173]
[-1.1822548  2.6071615  1.9389293]
[-1.1893588  2.5892363  1.9220011]
[-1.196417   2.5710702  1.9048338]
[-1.203426   2.5526652  1.8874276]
[-1.2103826  2.5340223  1.8697832]
[-1.2172832  2.5151432  1.8519022]
[-1.2241246  2.4960299  1.833786 ]
[-1.2309026  2.4766846  1.8154366]
[-1.2376138  2.4571097  1.7968554]
[-1.2442546  2.4373085  1.7780454]
[-1.2508204  2.417284   1.759009 ]
[-1.2573079  2.3970397  1.7397492]
[-1.2637128  2.3765795  1.7202694]
[-1.2700311  2.3559074  1.7005732]
[-1.2762586  2.3350282  1.6806645]
[-1.2823911  2.3139467  1.6605479]
[-1.2884243  2.2926683  1.6402278]
[-1.2943543  2.2711987  1.6197095]
[-1.3001764  2.2495434  1.5989983]
[-1.3058867  2.2277093  1.5781   ]
[-1.3114809  2.2057028  1.5570205]
[-1.3169547  2.1835308  1.5357666]
[-1.322304   2.1612012  1.5143452]
[-1.3275248  2.1387212  1.4927628]
[-1.3326125  2.116099   1.4710277]
[-1.3375638  2.0933435  1.4491475]
[-1.3423742  2.0704627  1.4271302]
[-1.3470402  2.0474658  1.4049845]
[-1.3515579  2.024362   1.382719 ]
[-1.3559238  2.0011613  1.360343 ]
[-1.3601341  1.9778732  1.3378657]
[-1.364186   1.9545078  1.3152969]
[-1.368076   1.9310756  1.2926463]
[-1.3718009  1.9075867  1.2699243]
[-1.375358   1.8840523  1.2471411]
[-1.3787446  1.8604829  1.2243071]
[-1.3819582  1.8368899  1.2014333]
[-1.3849965  1.8132839  1.1785305]
[-1.3878574  1.7896768  1.1556094]
[-1.3905389  1.7660794  1.1326816]
[-1.3930392  1.7425034  1.1097578]
[-1.3953573  1.71896    1.0868497]
[-1.3974913  1.6954608  1.0639683]
[-1.3994408  1.672017   1.0411249]
[-1.4012045  1.6486399  1.0183309]
[-1.4027821   1.625341    0.99559766]
[-1.4041735  1.6021312  0.9729361]
[-1.405378   1.5790219  0.9503573]
[-1.4063962  1.5560237  0.9278724]
[-1.4072282  1.5331472  0.9054921]
[-1.4078748   1.5104032   0.88322717]
[-1.4083365   1.4878018   0.86108786]
[-1.4086148   1.465353    0.83908445]
[-1.4087106   1.4430666   0.81722707]
[-1.4086254  1.420952   0.7955252]
[-1.4083608  1.3990185  0.7739886]
[-1.4079189   1.377275    0.75262636]
[-1.4073011   1.3557297   0.73144704]
[-1.4065104  1.3343911  0.7104594]
[-1.4055488   1.3132665   0.68967134]
[-1.404419    1.2923636   0.66909087]
[-1.4031234  1.2716892  0.6487252]
[-1.401665   1.25125    0.6285815]
[-1.4000472  1.2310519  0.6086661]
[-1.3982724   1.2111009   0.58898556]
[-1.3963445   1.1914023   0.56954527]
[-1.3942665  1.1719606  0.5503508]
[-1.3920418  1.1527808  0.5314071]
[-1.3896742  1.1338665  0.5127186]
[-1.3871669   1.1152214   0.49428943]
[-1.384524    1.0968487   0.47612336]
[-1.3817489   1.078751    0.45822325]
[-1.3788458  1.0609305  0.4405924]
[-1.375818   1.0433896  0.4232331]
[-1.3726698  1.0261295  0.4061473]
[-1.3694049   1.009151    0.38933653]
[-1.3660274  0.9924555  0.3728022]
[-1.3625408  0.976043   0.3565449]
[-1.3589492   0.9599136   0.34056556]
[-1.3552568  0.9440669  0.3248641]
[-1.3514668   0.9285022   0.30944037]
[-1.3475837   0.9132188   0.29429376]
[-1.3436108   0.89821506  0.2794236 ]
[-1.3395523  0.8834898  0.2648285]
[-1.3354115   0.86904097  0.25050724]
[-1.3311926   0.8548665   0.23645824]
[-1.3268988   0.840964    0.22267944]
[-1.3225338   0.8273312   0.20916867]
[-1.3181014   0.81396496  0.19592333]
[-1.3136045   0.80086267  0.18294126]
[-1.3090469   0.78802097  0.17021912]
[-1.3044316   0.7754367   0.15775436]
[-1.2997622  0.7631063  0.1455437]
[-1.2950414   0.75102615  0.13358355]
[-1.2902725   0.7391927   0.12187088]
[-1.2854586   0.7276019   0.11040175]
[-1.2806023   0.7162502   0.09917289]
[-1.2757066   0.7051331   0.08818001]
[-1.2707745   0.6942469   0.07741964]
[-1.2658081   0.68358743  0.06688768]
[-1.2608104   0.67315024  0.05657989]
[-1.2557837   0.66293156  0.0464927 ]
[-1.2507303   0.6529267   0.03662151]
[-1.2456526   0.64313155  0.02696246]
[-1.2405529   0.63354194  0.01751137]
[-1.2354331   0.62415355  0.00826401]
[-1.2302955e+00  6.1496180e-01 -7.8397989e-04]
[-1.225142    0.6059627  -0.00963664]
[-1.2199743   0.5971518  -0.01829803]
[-1.2147945   0.5885251  -0.02677244]
